locatie_id,volgnummer,apparaat_id,type,status,statusReason,timestamp
1011001,01,611057,Sealbag-automaat,Available,False,2024-06-22 22:08:50
1011001,02,811798,Geld storten en opnemen,Available,True,2024-06-22 22:08:50
1011001,03,920366,Geldautomaat,Available,False,2024-06-22 22:08:50
1011002,01,911448,Geldautomaat,Available,False,2024-06-22 22:08:51
1011003,01,921129,Geldautomaat,Available,False,2024-06-22 22:08:52
1012001,01,812212,Geld storten en opnemen,Available,True,2024-06-22 22:08:52
1012006,01,914201,Geldautomaat,Available,False,2024-06-22 22:08:53
1012007,01,921130,Geldautomaat,Available,False,2024-06-22 22:08:54
1012009,01,921137,Geldautomaat,Available,False,2024-06-22 22:08:54
1012013,01,920974,Geldautomaat,Available,False,2024-06-22 22:08:55
1012013,02,812414,Geld storten en opnemen,Available,True,2024-06-22 22:08:55
1012013,03,611347,Sealbag-automaat,Available,False,2024-06-22 22:08:55
1012014,01,812450,Geld storten en opnemen,Available,True,2024-06-22 22:08:56
1012014,02,812469,Geld storten en opnemen,Unavailable,False,2024-06-22 22:08:56
1012015,01,920286,Geldautomaat,Available,False,2024-06-22 22:08:56
1012015,02,611463,Sealbag-automaat,Available,False,2024-06-22 22:08:56
1012017,01,812969,Geld storten en opnemen,Available,True,2024-06-22 22:08:57
1012017,02,812971,Geld storten en opnemen,Available,True,2024-06-22 22:08:57
1012017,03,812972,Geld storten en opnemen,Available,True,2024-06-22 22:08:57
1012017,04,812970,Geld storten en opnemen,Unavailable,False,2024-06-22 22:08:57
1012018,01,914888,Geldautomaat,Available,False,2024-06-22 22:08:57
1013001,01,921139,Geldautomaat,Available,False,2024-06-22 22:08:58
1013002,01,921142,Geldautomaat,Available,False,2024-06-22 22:08:58
1013003,01,811960,Geld storten en opnemen,Available,True,2024-06-22 22:08:59
1013003,02,813033,Geld storten en opnemen,Available,True,2024-06-22 22:08:59
1015001,01,811741,Geld storten en opnemen,Available,True,2024-06-22 22:08:59
1015002,01,910122,Geldautomaat,Available,False,2024-06-22 22:09:00
1015003,01,920706,Geldautomaat,Available,False,2024-06-22 22:09:00
1016002,01,921393,Geldautomaat,Available,False,2024-06-22 22:09:01
1016004,01,930098,Geldautomaat,Available,False,2024-06-22 22:09:01
1016005,01,914064,Geldautomaat,Available,False,2024-06-22 22:09:01
1017006,01,911449,Geldautomaat,Available,False,2024-06-22 22:09:03
1017007,01,911450,Geldautomaat,Available,False,2024-06-22 22:09:03
1017008,01,921143,Geldautomaat,Available,False,2024-06-22 22:09:04
1017009,01,911452,Geldautomaat,Available,False,2024-06-22 22:09:04
1017009,02,610019,Sealbag-automaat,Available,False,2024-06-22 22:09:04
1017011,01,812816,Geld storten en opnemen,Unavailable,False,2024-06-22 22:09:05
1017011,02,812814,Geld storten en opnemen,Available,True,2024-06-22 22:09:05
1017011,03,812815,Geld storten en opnemen,Available,True,2024-06-22 22:09:05
1017011,04,611088,Sealbag-automaat,Available,False,2024-06-22 22:09:05
1017012,01,914750,Geldautomaat,Available,False,2024-06-22 22:09:05
1018002,01,911009,Geldautomaat,Available,False,2024-06-22 22:09:05
1018003,01,911010,Geldautomaat,Available,False,2024-06-22 22:09:06
1018004,01,921394,Geldautomaat,Available,False,2024-06-22 22:09:06
1018005,01,811066,Geld storten en opnemen,Available,True,2024-06-22 22:09:07
1019001,01,912160,Geldautomaat,Available,False,2024-06-22 22:09:07
1019004,01,812389,Geld storten en opnemen,Unavailable,True,2024-06-22 22:09:08
1019004,02,812821,Geld storten en opnemen,Available,True,2024-06-22 22:09:08
1024001,01,921301,Geldautomaat,Available,False,2024-06-22 22:09:08
1024002,01,920980,Geldautomaat,Available,False,2024-06-22 22:09:08
1024004,01,811469,Geld storten en opnemen,Available,True,2024-06-22 22:09:09
1025002,01,912151,Geldautomaat,Available,False,2024-06-22 22:09:09
1025005,01,610938,Sealbag-automaat,Available,False,2024-06-22 22:09:10
1025005,02,913574,Geldautomaat,Available,False,2024-06-22 22:09:10
1031003,01,930091,Geldautomaat,Available,False,2024-06-22 22:09:10
1031005,01,920404,Geldautomaat,Available,False,2024-06-22 22:09:10
1031006,01,812538,Geld storten en opnemen,Available,True,2024-06-22 22:09:11
1033002,01,921255,Geldautomaat,Available,False,2024-06-22 22:09:11
1034001,01,920276,Geldautomaat,Available,False,2024-06-22 22:09:12
1034002,01,811049,Geld storten en opnemen,Available,True,2024-06-22 22:09:12
1035002,01,921344,Geldautomaat,Available,False,2024-06-22 22:09:13
1035003,01,811274,Geld storten en opnemen,Available,True,2024-06-22 22:09:13
1035004,01,913080,Geldautomaat,Available,False,2024-06-22 22:09:13
1035005,01,812593,Geld storten en opnemen,Available,True,2024-06-22 22:09:14
1051006,01,812429,Geld storten en opnemen,Available,True,2024-06-22 22:09:14
1052001,01,911286,Geldautomaat,Available,False,2024-06-22 22:09:15
1053003,01,911558,Geldautomaat,Available,False,2024-06-22 22:09:15
1053005,01,811795,Geld storten en opnemen,Available,True,2024-06-22 22:09:15
1053006,01,921363,Geldautomaat,Available,False,2024-06-22 22:09:16
1053009,01,812931,Geld storten en opnemen,Available,True,2024-06-22 22:09:16
1053009,02,920354,Geldautomaat,Available,False,2024-06-22 22:09:16
1053009,03,611456,Sealbag-automaat,Available,False,2024-06-22 22:09:16
1053010,01,812934,Geld storten en opnemen,Available,True,2024-06-22 22:09:17
1053010,02,812936,Geld storten en opnemen,Available,True,2024-06-22 22:09:17
1053010,03,812935,Geld storten en opnemen,Unavailable,True,2024-06-22 22:09:17
1053010,04,812933,Geld storten en opnemen,Available,True,2024-06-22 22:09:17
1053010,05,812932,Geld storten en opnemen,Available,True,2024-06-22 22:09:17
1054002,01,921366,Geldautomaat,Available,False,2024-06-22 22:09:17
1054003,01,910070,Geldautomaat,Available,False,2024-06-22 22:09:17
1055003,01,930158,Geldautomaat,Available,False,2024-06-22 22:09:18
1055004,01,921316,Geldautomaat,Available,False,2024-06-22 22:09:18
1055006,01,811476,Geld storten en opnemen,Available,True,2024-06-22 22:09:19
1055006,02,811321,Geld storten en opnemen,Available,True,2024-06-22 22:09:19
1056002,01,911946,Geldautomaat,Available,False,2024-06-22 22:09:19
1056004,01,912766,Geldautomaat,Available,False,2024-06-22 22:09:20
1056005,01,811255,Geld storten en opnemen,Available,True,2024-06-22 22:09:20
1057003,01,910036,Geldautomaat,Available,False,2024-06-22 22:09:20
1057005,01,910064,Geldautomaat,Available,False,2024-06-22 22:09:21
1058002,01,811251,Geld storten en opnemen,Available,True,2024-06-22 22:09:21
1058002,02,610927,Sealbag-automaat,Available,False,2024-06-22 22:09:21
1059001,01,914813,Geldautomaat,Available,False,2024-06-22 22:09:22
1062001,01,812339,Geld storten en opnemen,Available,True,2024-06-22 22:09:22
1062002,01,910082,Geldautomaat,Available,False,2024-06-22 22:09:22
1062003,01,921287,Geldautomaat,Available,False,2024-06-22 22:09:23
1062004,01,810021,Geld storten en opnemen,Available,True,2024-06-22 22:09:23
1062004,02,611024,Sealbag-automaat,Available,False,2024-06-22 22:09:23
1062006,01,812615,Geld storten en opnemen,Available,True,2024-06-22 22:09:24
1063001,01,912611,Geldautomaat,Available,False,2024-06-22 22:09:24
1063001,02,611286,Sealbag-automaat,Available,False,2024-06-22 22:09:24
1063002,01,921372,Geldautomaat,Available,False,2024-06-22 22:09:24
1063004,01,913551,Geldautomaat,Available,False,2024-06-22 22:09:25
1063004,02,810710,Geld storten en opnemen,Available,True,2024-06-22 22:09:25
1063004,03,810711,Geld storten en opnemen,Available,False,2024-06-22 22:09:25
1063006,01,812976,Geld storten en opnemen,Available,True,2024-06-22 22:09:25
1063006,02,811288,Geld storten en opnemen,Available,True,2024-06-22 22:09:25
1065003,01,912804,Geldautomaat,Available,False,2024-06-22 22:09:26
1065004,01,811719,Geld storten en opnemen,Available,True,2024-06-22 22:09:26
1066003,01,811278,Geld storten en opnemen,Available,True,2024-06-22 22:09:26
1066004,01,921373,Geldautomaat,Available,False,2024-06-22 22:09:27
1067001,01,811859,Geld storten en opnemen,Available,True,2024-06-22 22:09:27
1067002,01,910091,Geldautomaat,Available,False,2024-06-22 22:09:28
1068003,01,912154,Geldautomaat,Available,False,2024-06-22 22:09:29
1068008,01,811472,Geld storten en opnemen,Available,True,2024-06-22 22:09:29
1068008,02,810400,Geld storten en opnemen,Unavailable,False,2024-06-22 22:09:29
1068011,01,812492,Geld storten en opnemen,Unavailable,True,2024-06-22 22:09:30
1068011,02,812806,Geld storten en opnemen,Unavailable,False,2024-06-22 22:09:30
1068011,03,812493,Geld storten en opnemen,Unavailable,False,2024-06-22 22:09:30
1068011,04,812491,Geld storten en opnemen,Unavailable,True,2024-06-22 22:09:30
1068011,05,812805,Geld storten en opnemen,Available,True,2024-06-22 22:09:30
1068012,01,611393,Sealbag-automaat,Available,False,2024-06-22 22:09:30
1068012,02,920390,Geldautomaat,Available,False,2024-06-22 22:09:30
1069001,01,910092,Geldautomaat,Available,False,2024-06-22 22:09:31
1069002,01,811306,Geld storten en opnemen,Available,True,2024-06-22 22:09:31
1071001,01,914790,Geldautomaat,Available,False,2024-06-22 22:09:32
1071002,01,930089,Geldautomaat,Available,False,2024-06-22 22:09:32
1071005,01,812663,Geld storten en opnemen,Unavailable,True,2024-06-22 22:09:32
1071005,02,611082,Sealbag-automaat,Available,False,2024-06-22 22:09:32
1072001,01,810109,Geld storten en opnemen,Available,True,2024-06-22 22:09:33
1072001,02,810110,Geld storten en opnemen,Available,True,2024-06-22 22:09:33
1072002,01,911495,Geldautomaat,Available,False,2024-06-22 22:09:33
1072003,01,910189,Geldautomaat,Available,False,2024-06-22 22:09:34
1072004,01,914449,Geldautomaat,Available,False,2024-06-22 22:09:34
1072004,02,812374,Geld storten en opnemen,Available,True,2024-06-22 22:09:34
1072004,03,812199,Geld storten en opnemen,Available,True,2024-06-22 22:09:34
1073002,01,911251,Geldautomaat,Available,False,2024-06-22 22:09:34
1073003,01,911267,Geldautomaat,Available,False,2024-06-22 22:09:35
1073005,01,920415,Geldautomaat,Available,False,2024-06-22 22:09:35
1073005,02,611390,Sealbag-automaat,Available,False,2024-06-22 22:09:35
1073006,01,812485,Geld storten en opnemen,Available,True,2024-06-22 22:09:35
1073006,02,812486,Geld storten en opnemen,Available,True,2024-06-22 22:09:35
1073006,03,810394,Geld storten en opnemen,Available,True,2024-06-22 22:09:35
1073006,04,812484,Geld storten en opnemen,Available,True,2024-06-22 22:09:35
1073006,05,812546,Geld storten en opnemen,Available,True,2024-06-22 22:09:35
1073006,06,812487,Geld storten en opnemen,Available,True,2024-06-22 22:09:35
1076001,01,910190,Geldautomaat,Available,False,2024-06-22 22:09:36
1076002,01,910186,Geldautomaat,Available,False,2024-06-22 22:09:36
1076003,01,812131,Geld storten en opnemen,Available,True,2024-06-22 22:09:37
1077001,01,912149,Geldautomaat,Available,False,2024-06-22 22:09:37
1078001,01,921283,Geldautomaat,Available,False,2024-06-22 22:09:38
1078003,01,921358,Geldautomaat,Available,False,2024-06-22 22:09:38
1078005,01,913280,Geldautomaat,Available,False,2024-06-22 22:09:39
1078008,01,812937,Geld storten en opnemen,Available,True,2024-06-22 22:09:39
1079001,01,810119,Geld storten en opnemen,Available,True,2024-06-22 22:09:40
1079002,01,911528,Geldautomaat,Available,False,2024-06-22 22:09:40
1081001,01,910013,Geldautomaat,Available,False,2024-06-22 22:09:40
1081002,01,920322,Geldautomaat,Available,False,2024-06-22 22:09:41
1082001,01,910290,Geldautomaat,Available,False,2024-06-22 22:09:41
1082002,01,912575,Geldautomaat,Available,False,2024-06-22 22:09:42
1082003,01,610527,Sealbag-automaat,Available,False,2024-06-22 22:09:42
1082003,02,813080,Geld storten en opnemen,Available,False,2024-06-22 22:09:42
1082003,03,811914,Geld storten en opnemen,Available,True,2024-06-22 22:09:42
1083001,01,910210,Geldautomaat,Available,False,2024-06-22 22:09:43
1087002,01,930151,Geldautomaat,Available,False,2024-06-22 22:09:43
1087003,01,810035,Geld storten en opnemen,Available,True,2024-06-22 22:09:43
1087005,01,812823,Geld storten en opnemen,Available,True,2024-06-22 22:09:44
1091002,01,914668,Geldautomaat,Available,False,2024-06-22 22:09:44
1091003,01,910289,Geldautomaat,Available,False,2024-06-22 22:09:45
1091004,01,913114,Geldautomaat,Available,False,2024-06-22 22:09:45
1091007,01,813004,Geld storten en opnemen,Available,True,2024-06-22 22:09:45
1092001,01,910199,Geldautomaat,Available,False,2024-06-22 22:09:46
1093001,01,921050,Geldautomaat,Available,False,2024-06-22 22:09:46
1093003,01,912557,Geldautomaat,Available,False,2024-06-22 22:09:47
1093004,01,921082,Geldautomaat,Available,False,2024-06-22 22:09:47
1093008,01,811455,Geld storten en opnemen,Available,True,2024-06-22 22:09:47
1093009,01,810680,Geld storten en opnemen,Available,True,2024-06-22 22:09:48
1093011,01,813054,Geld storten en opnemen,Available,True,2024-06-22 22:09:48
1093011,02,914887,Geldautomaat,Available,False,2024-06-22 22:09:48
1093011,03,611484,Sealbag-automaat,Available,False,2024-06-22 22:09:48
1093012,01,813055,Geld storten en opnemen,Available,True,2024-06-22 22:09:49
1093012,02,813058,Geld storten en opnemen,Available,True,2024-06-22 22:09:49
1093012,03,813056,Geld storten en opnemen,Unavailable,False,2024-06-22 22:09:49
1093012,04,813059,Geld storten en opnemen,Available,True,2024-06-22 22:09:49
1093012,05,813057,Geld storten en opnemen,Available,True,2024-06-22 22:09:49
1094001,01,610026,Sealbag-automaat,Available,False,2024-06-22 22:09:49
1094001,02,810090,Geld storten en opnemen,Available,True,2024-06-22 22:09:49
1094002,01,911465,Geldautomaat,Available,False,2024-06-22 22:09:49
1094003,01,920734,Geldautomaat,Available,False,2024-06-22 22:09:50
1094003,02,920719,Geldautomaat,Available,False,2024-06-22 22:09:50
1094009,01,812372,Geld storten en opnemen,Available,True,2024-06-22 22:09:50
1095001,01,911466,Geldautomaat,Available,False,2024-06-22 22:09:51
1098001,01,912550,Geldautomaat,Available,False,2024-06-22 22:09:51
1098002,01,921250,Geldautomaat,Available,False,2024-06-22 22:09:51
1098003,01,912603,Geldautomaat,Available,False,2024-06-22 22:09:52
1102003,01,912019,Geldautomaat,Available,False,2024-06-22 22:09:52
1102009,01,811398,Geld storten en opnemen,Available,True,2024-06-22 22:09:53
1102010,01,811632,Geld storten en opnemen,Available,True,2024-06-22 22:09:53
1103001,01,910292,Geldautomaat,Available,False,2024-06-22 22:09:53
1103002,01,930101,Geldautomaat,Available,False,2024-06-22 22:09:54
1103003,01,812263,Geld storten en opnemen,Available,True,2024-06-22 22:09:54
1104001,01,811439,Geld storten en opnemen,Available,True,2024-06-22 22:09:55
1104002,01,912741,Geldautomaat,Available,False,2024-06-22 22:09:55
1104003,01,912739,Geldautomaat,Available,False,2024-06-22 22:09:56
1104003,02,912740,Geldautomaat,Unavailable,False,2024-06-22 22:09:56
1105002,01,812129,Geld storten en opnemen,Unavailable,True,2024-06-22 22:09:56
1106001,01,812666,Geld storten en opnemen,Available,True,2024-06-22 22:09:56
1106001,02,913974,Geldautomaat,Available,False,2024-06-22 22:09:56
1106004,01,921019,Geldautomaat,Available,False,2024-06-22 22:09:57
1106013,01,812297,Geld storten en opnemen,Available,True,2024-06-22 22:09:58
1106013,02,812298,Geld storten en opnemen,Available,True,2024-06-22 22:09:58
1106013,03,920976,Geldautomaat,Available,False,2024-06-22 22:09:58
1111001,01,912251,Geldautomaat,Available,False,2024-06-22 22:09:58
1111006,01,810473,Geld storten en opnemen,Available,True,2024-06-22 22:09:58
1111007,01,810474,Geld storten en opnemen,Available,True,2024-06-22 22:09:59
1112004,01,813213,Geld storten en opnemen,Available,True,2024-06-22 22:09:59
1115001,01,920230,Geldautomaat,Available,False,2024-06-22 22:10:00
1121001,01,610006,Sealbag-automaat,Unavailable,False,2024-06-22 22:10:00
1121001,02,810063,Geld storten en opnemen,Available,True,2024-06-22 22:10:00
1121003,01,811336,Geld storten en opnemen,Available,True,2024-06-22 22:10:01
1121005,01,921252,Geldautomaat,Available,False,2024-06-22 22:10:01
1131001,01,810614,Geld storten en opnemen,Available,True,2024-06-22 22:10:02
1131001,02,913909,Geldautomaat,Available,False,2024-06-22 22:10:02
1131001,03,610492,Sealbag-automaat,Unavailable,False,2024-06-22 22:10:02
1131002,01,910378,Geldautomaat,Available,False,2024-06-22 22:10:02
1131004,01,811593,Geld storten en opnemen,Available,True,2024-06-22 22:10:03
1131005,01,914811,Geldautomaat,Available,False,2024-06-22 22:10:03
1132002,01,913997,Geldautomaat,Available,False,2024-06-22 22:10:03
1132003,01,921276,Geldautomaat,Unavailable,False,2024-06-22 22:10:04
1135002,01,913600,Geldautomaat,Available,False,2024-06-22 22:10:04
1135003,01,921278,Geldautomaat,Unavailable,False,2024-06-22 22:10:05
1141001,01,910316,Geldautomaat,Available,False,2024-06-22 22:10:05
1141002,01,920235,Geldautomaat,Available,False,2024-06-22 22:10:05
1141002,02,610027,Sealbag-automaat,Available,False,2024-06-22 22:10:05
1141003,01,914785,Geldautomaat,Available,False,2024-06-22 22:10:06
1151001,01,920647,Geldautomaat,Available,False,2024-06-22 22:10:06
1156001,01,920245,Geldautomaat,Available,False,2024-06-22 22:10:07
1161001,01,912541,Geldautomaat,Available,False,2024-06-22 22:10:07
1161002,01,811387,Geld storten en opnemen,Available,True,2024-06-22 22:10:07
1171001,01,610072,Sealbag-automaat,Available,False,2024-06-22 22:10:08
1171001,02,810136,Geld storten en opnemen,Available,True,2024-06-22 22:10:08
1171002,01,921365,Geldautomaat,Available,False,2024-06-22 22:10:08
1171004,01,811488,Geld storten en opnemen,Available,True,2024-06-22 22:10:08
1181001,01,921369,Geldautomaat,Available,False,2024-06-22 22:10:09
1181002,01,921092,Geldautomaat,Available,False,2024-06-22 22:10:09
1181003,01,910310,Geldautomaat,Available,False,2024-06-22 22:10:10
1181006,01,812361,Geld storten en opnemen,Available,True,2024-06-22 22:10:10
1181006,02,611313,Sealbag-automaat,Available,False,2024-06-22 22:10:10
1182001,01,921104,Geldautomaat,Available,False,2024-06-22 22:10:10
1183001,01,811264,Geld storten en opnemen,Available,True,2024-06-22 22:10:11
1183002,01,921263,Geldautomaat,Available,False,2024-06-22 22:10:11
1183003,01,912772,Geldautomaat,Available,False,2024-06-22 22:10:12
1185001,01,910303,Geldautomaat,Unavailable,False,2024-06-22 22:10:12
1186003,01,930104,Geldautomaat,Unavailable,False,2024-06-22 22:10:13
1187001,01,921266,Geldautomaat,Available,False,2024-06-22 22:10:14
1187002,01,911548,Geldautomaat,Available,False,2024-06-22 22:10:14
1188001,01,910309,Geldautomaat,Available,False,2024-06-22 22:10:15
1188002,01,812699,Geld storten en opnemen,Available,True,2024-06-22 22:10:15
1211001,01,921289,Geldautomaat,Unavailable,False,2024-06-22 22:10:16
1211006,01,810523,Geld storten en opnemen,Available,True,2024-06-22 22:10:16
1211007,01,920219,Geldautomaat,Unavailable,False,2024-06-22 22:10:17
1211007,02,611423,Sealbag-automaat,Available,False,2024-06-22 22:10:17
1211008,01,812747,Geld storten en opnemen,Unavailable,False,2024-06-22 22:10:17
1211008,02,812744,Geld storten en opnemen,Available,True,2024-06-22 22:10:17
1211008,03,812746,Geld storten en opnemen,Available,True,2024-06-22 22:10:17
1211008,04,812743,Geld storten en opnemen,Available,True,2024-06-22 22:10:17
1211008,05,812745,Geld storten en opnemen,Available,True,2024-06-22 22:10:17
1212001,01,920800,Geldautomaat,Available,False,2024-06-22 22:10:17
1214002,01,811229,Geld storten en opnemen,Available,True,2024-06-22 22:10:18
1214003,01,610608,Sealbag-automaat,Available,False,2024-06-22 22:10:18
1214003,02,920795,Geldautomaat,Available,False,2024-06-22 22:10:18
1215001,01,921296,Geldautomaat,Unavailable,False,2024-06-22 22:10:19
1216001,01,911014,Geldautomaat,Available,False,2024-06-22 22:10:19
1216002,01,812635,Geld storten en opnemen,Available,True,2024-06-22 22:10:19
1218001,01,930148,Geldautomaat,Available,False,2024-06-22 22:10:20
1221001,01,811298,Geld storten en opnemen,Available,True,2024-06-22 22:10:20
1223001,01,930134,Geldautomaat,Available,False,2024-06-22 22:10:21
1223002,01,920532,Geldautomaat,Available,False,2024-06-22 22:10:21
1223003,01,812661,Geld storten en opnemen,Available,True,2024-06-22 22:10:22
1231001,01,610135,Sealbag-automaat,Available,False,2024-06-22 22:10:22
1231001,02,920310,Geldautomaat,Available,False,2024-06-22 22:10:22
1231003,01,914032,Geldautomaat,Available,False,2024-06-22 22:10:22
1241001,01,911350,Geldautomaat,Available,False,2024-06-22 22:10:23
1241002,01,920232,Geldautomaat,Available,False,2024-06-22 22:10:23
1251001,01,911463,Geldautomaat,Available,False,2024-06-22 22:10:24
1251002,01,920965,Geldautomaat,Available,False,2024-06-22 22:10:24
1251002,02,610025,Sealbag-automaat,Available,False,2024-06-22 22:10:24
1261002,01,911348,Geldautomaat,Available,False,2024-06-22 22:10:25
1261003,01,910106,Geldautomaat,Available,False,2024-06-22 22:10:25
1271001,01,912357,Geldautomaat,Available,False,2024-06-22 22:10:26
1271004,01,611106,Sealbag-automaat,Unavailable,False,2024-06-22 22:10:26
1271005,01,811540,Geld storten en opnemen,Available,True,2024-06-22 22:10:26
1273003,01,913661,Geldautomaat,Available,False,2024-06-22 22:10:27
1274001,01,811279,Geld storten en opnemen,Available,True,2024-06-22 22:10:27
1274002,01,930096,Geldautomaat,Available,False,2024-06-22 22:10:28
1274003,01,912790,Geldautomaat,Available,False,2024-06-22 22:10:28
1311001,01,910003,Geldautomaat,Available,False,2024-06-22 22:10:29
1313001,01,910668,Geldautomaat,Available,False,2024-06-22 22:10:29
1315001,01,912147,Geldautomaat,Available,False,2024-06-22 22:10:29
1315002,01,920126,Geldautomaat,Available,False,2024-06-22 22:10:30
1315003,01,914625,Geldautomaat,Available,False,2024-06-22 22:10:30
1315003,02,914626,Geldautomaat,Available,False,2024-06-22 22:10:30
1315004,01,914059,Geldautomaat,Available,False,2024-06-22 22:10:31
1315011,01,811703,Geld storten en opnemen,Available,True,2024-06-22 22:10:31
1315015,01,914842,Geldautomaat,Available,False,2024-06-22 22:10:32
1315015,02,611446,Sealbag-automaat,Available,False,2024-06-22 22:10:32
1315015,03,812847,Geld storten en opnemen,Available,True,2024-06-22 22:10:32
1317001,01,910676,Geldautomaat,Available,False,2024-06-22 22:10:32
1321001,01,920962,Geldautomaat,Available,False,2024-06-22 22:10:33
1323001,01,912146,Geldautomaat,Available,False,2024-06-22 22:10:33
1323002,01,811814,Geld storten en opnemen,Available,True,2024-06-22 22:10:34
1324001,01,910665,Geldautomaat,Available,False,2024-06-22 22:10:34
1325001,01,920411,Geldautomaat,Available,False,2024-06-22 22:10:34
1326001,01,811458,Geld storten en opnemen,Available,True,2024-06-22 22:10:35
1326002,01,912796,Geldautomaat,Available,False,2024-06-22 22:10:35
1326003,01,914777,Geldautomaat,Available,False,2024-06-22 22:10:36
1328001,01,910667,Geldautomaat,Available,False,2024-06-22 22:10:36
1334001,01,610016,Sealbag-automaat,Available,False,2024-06-22 22:10:37
1334001,02,810076,Geld storten en opnemen,Available,True,2024-06-22 22:10:37
1334001,03,810077,Geld storten en opnemen,Available,True,2024-06-22 22:10:37
1334002,01,911442,Geldautomaat,Available,False,2024-06-22 22:10:37
1334003,01,911443,Geldautomaat,Available,False,2024-06-22 22:10:37
1334004,01,920439,Geldautomaat,Available,False,2024-06-22 22:10:38
1334006,01,811477,Geld storten en opnemen,Available,True,2024-06-22 22:10:38
1334007,01,812650,Geld storten en opnemen,Available,True,2024-06-22 22:10:39
1335001,01,910669,Geldautomaat,Available,False,2024-06-22 22:10:39
1349001,01,914852,Geldautomaat,Available,False,2024-06-22 22:10:40
1354001,01,810092,Geld storten en opnemen,Available,True,2024-06-22 22:10:40
1354002,01,920537,Geldautomaat,Available,False,2024-06-22 22:10:40
1355001,01,910670,Geldautomaat,Available,False,2024-06-22 22:10:41
1359001,01,910671,Geldautomaat,Available,False,2024-06-22 22:10:41
1363001,01,930142,Geldautomaat,Available,False,2024-06-22 22:10:42
1363002,01,910701,Geldautomaat,Available,False,2024-06-22 22:10:42
1381001,01,912500,Geldautomaat,Unavailable,False,2024-06-22 22:10:42
1382001,01,910709,Geldautomaat,Available,False,2024-06-22 22:10:43
1382004,01,810646,Geld storten en opnemen,Available,True,2024-06-22 22:10:43
1391001,01,911445,Geldautomaat,Available,False,2024-06-22 22:10:43
1391003,01,811725,Geld storten en opnemen,Available,True,2024-06-22 22:10:44
1394001,01,910686,Geldautomaat,Available,False,2024-06-22 22:10:44
1398001,01,921038,Geldautomaat,Available,False,2024-06-22 22:10:45
1398002,01,910728,Geldautomaat,Available,False,2024-06-22 22:10:45
1403002,01,910172,Geldautomaat,Available,False,2024-06-22 22:10:46
1404001,01,912224,Geldautomaat,Available,False,2024-06-22 22:10:46
1404008,01,811891,Geld storten en opnemen,Available,True,2024-06-22 22:10:47
1404009,01,813066,Geld storten en opnemen,Available,True,2024-06-22 22:10:47
1411001,01,930116,Geldautomaat,Available,False,2024-06-22 22:10:48
1411002,01,910164,Geldautomaat,Available,False,2024-06-22 22:10:48
1421001,01,910166,Geldautomaat,Available,False,2024-06-22 22:10:49
1422001,01,810072,Geld storten en opnemen,Available,True,2024-06-22 22:10:49
1422001,02,611236,Sealbag-automaat,Available,False,2024-06-22 22:10:49
1422002,01,921354,Geldautomaat,Available,False,2024-06-22 22:10:50
1431002,01,921361,Geldautomaat,Available,False,2024-06-22 22:10:50
1431003,01,610048,Sealbag-automaat,Available,False,2024-06-22 22:10:50
1431003,02,813202,Geld storten en opnemen,Available,True,2024-06-22 22:10:50
1432001,01,910176,Geldautomaat,Available,False,2024-06-22 22:10:51
1432003,01,812687,Geld storten en opnemen,Available,False,2024-06-22 22:10:51
1433003,01,914040,Geldautomaat,Available,False,2024-06-22 22:10:52
1435001,01,920001,Geldautomaat,Available,False,2024-06-22 22:10:52
1441001,01,912426,Geldautomaat,Available,False,2024-06-22 22:10:52
1441002,01,910409,Geldautomaat,Available,False,2024-06-22 22:10:53
1441003,01,920061,Geldautomaat,Available,False,2024-06-22 22:10:53
1441010,01,812253,Geld storten en opnemen,Available,True,2024-06-22 22:10:55
1442001,01,910417,Geldautomaat,Available,False,2024-06-22 22:10:55
1442003,01,812142,Geld storten en opnemen,Available,True,2024-06-22 22:10:55
1443001,01,920223,Geldautomaat,Available,False,2024-06-22 22:10:56
1443002,01,910477,Geldautomaat,Available,False,2024-06-22 22:10:56
1443003,01,914809,Geldautomaat,Available,False,2024-06-22 22:10:57
1444002,01,812132,Geld storten en opnemen,Available,True,2024-06-22 22:10:57
1445002,01,811243,Geld storten en opnemen,Available,True,2024-06-22 22:10:58
1445003,01,912752,Geldautomaat,Available,False,2024-06-22 22:10:58
1447003,01,914801,Geldautomaat,Available,False,2024-06-22 22:10:59
1448002,01,811312,Geld storten en opnemen,Available,True,2024-06-22 22:10:59
1448003,01,914772,Geldautomaat,Available,False,2024-06-22 22:10:59
1448004,01,920432,Geldautomaat,Available,False,2024-06-22 22:11:00
1452001,01,930006,Geldautomaat,Available,False,2024-06-22 22:11:00
1462001,01,910414,Geldautomaat,Available,False,2024-06-22 22:11:01
1474001,01,921037,Geldautomaat,Available,False,2024-06-22 22:11:01
1483001,01,810123,Geld storten en opnemen,Available,True,2024-06-22 22:11:01
1483002,01,911537,Geldautomaat,Available,False,2024-06-22 22:11:02
1483002,02,610061,Sealbag-automaat,Available,False,2024-06-22 22:11:02
1502001,01,910311,Geldautomaat,Available,False,2024-06-22 22:11:02
1503001,01,910314,Geldautomaat,Available,False,2024-06-22 22:11:03
1503003,01,910379,Geldautomaat,Available,False,2024-06-22 22:11:03
1503006,01,812685,Geld storten en opnemen,Available,True,2024-06-22 22:11:04
1506002,01,912523,Geldautomaat,Available,False,2024-06-22 22:11:04
1506003,01,920062,Geldautomaat,Available,False,2024-06-22 22:11:05
1506009,01,811602,Geld storten en opnemen,Available,True,2024-06-22 22:11:05
1506013,01,812703,Geld storten en opnemen,Available,True,2024-06-22 22:11:06
1506014,01,914879,Geldautomaat,Available,False,2024-06-22 22:11:06
1506014,02,611474,Sealbag-automaat,Available,False,2024-06-22 22:11:06
1506014,03,813018,Geld storten en opnemen,Available,True,2024-06-22 22:11:06
1506015,01,813022,Geld storten en opnemen,Available,True,2024-06-22 22:11:07
1506015,02,813020,Geld storten en opnemen,Unavailable,False,2024-06-22 22:11:07
1506015,03,813023,Geld storten en opnemen,Available,True,2024-06-22 22:11:07
1506015,04,813021,Geld storten en opnemen,Available,True,2024-06-22 22:11:07
1506015,05,813019,Geld storten en opnemen,Available,True,2024-06-22 22:11:07
1507001,01,910407,Geldautomaat,Available,False,2024-06-22 22:11:07
1507002,01,914800,Geldautomaat,Available,False,2024-06-22 22:11:07
1509001,01,910394,Geldautomaat,Available,False,2024-06-22 22:11:08
1509002,01,920406,Geldautomaat,Available,False,2024-06-22 22:11:08
1511001,01,910411,Geldautomaat,Available,False,2024-06-22 22:11:08
1511003,01,812424,Geld storten en opnemen,Available,True,2024-06-22 22:11:09
1521001,01,810018,Geld storten en opnemen,Unavailable,False,2024-06-22 22:11:09
1521002,01,911386,Geldautomaat,Available,False,2024-06-22 22:11:10
1521003,01,813075,Geld storten en opnemen,Available,True,2024-06-22 22:11:10
1531001,01,920958,Geldautomaat,Available,False,2024-06-22 22:11:10
1541001,01,910400,Geldautomaat,Available,False,2024-06-22 22:11:11
1541002,01,811672,Geld storten en opnemen,Available,True,2024-06-22 22:11:11
1541003,01,912827,Geldautomaat,Available,False,2024-06-22 22:11:12
1541004,01,812789,Geld storten en opnemen,Available,True,2024-06-22 22:11:12
1544001,01,810030,Geld storten en opnemen,Available,True,2024-06-22 22:11:13
1544003,01,910398,Geldautomaat,Available,False,2024-06-22 22:11:13
1561001,01,910416,Geldautomaat,Available,False,2024-06-22 22:11:13
1561004,01,811544,Geld storten en opnemen,Available,True,2024-06-22 22:11:14
1561005,01,812324,Geld storten en opnemen,Available,True,2024-06-22 22:11:14
1566001,01,920540,Geldautomaat,Available,False,2024-06-22 22:11:15
1566001,02,610240,Sealbag-automaat,Available,False,2024-06-22 22:11:15
1566002,01,914814,Geldautomaat,Available,False,2024-06-22 22:11:15
1567001,01,930123,Geldautomaat,Available,False,2024-06-22 22:11:16
1567002,01,811069,Geld storten en opnemen,Available,True,2024-06-22 22:11:16
1567003,01,913043,Geldautomaat,Available,False,2024-06-22 22:11:16
1601002,01,911454,Geldautomaat,Available,False,2024-06-22 22:11:17
1601003,01,920241,Geldautomaat,Available,False,2024-06-22 22:11:17
1601003,02,611312,Sealbag-automaat,Available,False,2024-06-22 22:11:17
1601005,01,811263,Geld storten en opnemen,Available,True,2024-06-22 22:11:17
1602002,01,920240,Geldautomaat,Available,False,2024-06-22 22:11:18
1606001,01,920325,Geldautomaat,Available,False,2024-06-22 22:11:18
1611001,01,920763,Geldautomaat,Available,False,2024-06-22 22:11:19
1611002,01,811087,Geld storten en opnemen,Available,True,2024-06-22 22:11:19
1611004,01,914779,Geldautomaat,Available,False,2024-06-22 22:11:20
1614001,01,920035,Geldautomaat,Available,False,2024-06-22 22:11:20
1616002,01,910487,Geldautomaat,Available,False,2024-06-22 22:11:20
1616003,01,920268,Geldautomaat,Available,False,2024-06-22 22:11:21
1619001,01,811742,Geld storten en opnemen,Available,True,2024-06-22 22:11:21
1621001,01,813140,Geld storten en opnemen,Unavailable,False,2024-06-22 22:11:22
1622001,01,913950,Geldautomaat,Available,False,2024-06-22 22:11:22
1624001,01,912339,Geldautomaat,Available,False,2024-06-22 22:11:22
1624002,01,920068,Geldautomaat,Available,False,2024-06-22 22:11:23
1625001,01,610528,Sealbag-automaat,Available,False,2024-06-22 22:11:23
1625001,02,810682,Geld storten en opnemen,Available,True,2024-06-22 22:11:23
1625002,01,920542,Geldautomaat,Available,False,2024-06-22 22:11:24
1625002,02,811786,Geld storten en opnemen,Available,True,2024-06-22 22:11:24
1625004,01,914822,Geldautomaat,Available,False,2024-06-22 22:11:24
1628002,01,920741,Geldautomaat,Available,False,2024-06-22 22:11:24
1628003,01,811879,Geld storten en opnemen,Available,True,2024-06-22 22:11:25
1628004,01,914757,Geldautomaat,Available,False,2024-06-22 22:11:25
1628005,01,914803,Geldautomaat,Available,False,2024-06-22 22:11:26
1633001,01,914775,Geldautomaat,Available,False,2024-06-22 22:11:26
1636001,01,920153,Geldautomaat,Available,False,2024-06-22 22:11:26
1645001,01,920181,Geldautomaat,Available,False,2024-06-22 22:11:27
1648001,01,610699,Sealbag-automaat,Available,False,2024-06-22 22:11:27
1648001,02,920954,Geldautomaat,Available,False,2024-06-22 22:11:27
1657001,01,920069,Geldautomaat,Available,False,2024-06-22 22:11:28
1671001,01,810193,Geld storten en opnemen,Available,True,2024-06-22 22:11:28
1671001,02,610141,Sealbag-automaat,Available,False,2024-06-22 22:11:28
1671001,03,920764,Geldautomaat,Available,False,2024-06-22 22:11:28
1671002,01,920720,Geldautomaat,Available,False,2024-06-22 22:11:28
1671005,01,812177,Geld storten en opnemen,Available,True,2024-06-22 22:11:29
1687002,01,914807,Geldautomaat,Available,False,2024-06-22 22:11:30
1689001,01,910607,Geldautomaat,Available,False,2024-06-22 22:11:30
1689003,01,914776,Geldautomaat,Available,False,2024-06-22 22:11:31
1689004,01,914786,Geldautomaat,Available,False,2024-06-22 22:11:31
1693001,01,610220,Sealbag-automaat,Available,False,2024-06-22 22:11:32
1693001,02,920986,Geldautomaat,Available,False,2024-06-22 22:11:32
1693002,01,914784,Geldautomaat,Available,False,2024-06-22 22:11:32
1695002,01,812087,Geld storten en opnemen,Available,True,2024-06-22 22:11:32
1701002,01,812981,Geld storten en opnemen,Available,True,2024-06-22 22:11:33
1703001,01,610965,Sealbag-automaat,Available,False,2024-06-22 22:11:33
1703001,02,810497,Geld storten en opnemen,Available,True,2024-06-22 22:11:33
1703001,03,810498,Geld storten en opnemen,Unavailable,False,2024-06-22 22:11:33
1703002,01,912310,Geldautomaat,Available,False,2024-06-22 22:11:34
1703003,01,812668,Geld storten en opnemen,Available,True,2024-06-22 22:11:34
1703003,02,810351,Geld storten en opnemen,Unavailable,False,2024-06-22 22:11:34
1703007,01,811527,Geld storten en opnemen,Available,True,2024-06-22 22:11:34
1703008,01,812604,Geld storten en opnemen,Available,True,2024-06-22 22:11:35
1703009,01,812723,Geld storten en opnemen,Available,True,2024-06-22 22:11:35
1704001,01,910620,Geldautomaat,Available,False,2024-06-22 22:11:36
1704003,01,910495,Geldautomaat,Available,False,2024-06-22 22:11:36
1705001,01,910498,Geldautomaat,Available,False,2024-06-22 22:11:36
1713002,01,914804,Geldautomaat,Available,False,2024-06-22 22:11:37
1715001,01,811363,Geld storten en opnemen,Available,False,2024-06-22 22:11:37
1715004,01,914783,Geldautomaat,Available,False,2024-06-22 22:11:38
1718001,01,920011,Geldautomaat,Available,False,2024-06-22 22:11:38
1721001,01,920303,Geldautomaat,Available,False,2024-06-22 22:11:38
1723002,01,811158,Geld storten en opnemen,Available,True,2024-06-22 22:11:39
1723006,01,914820,Geldautomaat,Available,False,2024-06-22 22:11:39
1723007,01,920999,Geldautomaat,Available,False,2024-06-22 22:11:40
1723007,02,611477,Sealbag-automaat,Available,False,2024-06-22 22:11:40
1733002,01,611486,Sealbag-automaat,Available,False,2024-06-22 22:11:40
1733003,01,813017,Geld storten en opnemen,Available,True,2024-06-22 22:11:41
1735001,01,920013,Geldautomaat,Available,False,2024-06-22 22:11:41
1738001,01,920335,Geldautomaat,Available,False,2024-06-22 22:11:41
1741005,01,812050,Geld storten en opnemen,Available,True,2024-06-22 22:11:42
1741007,01,611199,Sealbag-automaat,Available,False,2024-06-22 22:11:42
1741007,02,812818,Geld storten en opnemen,Available,True,2024-06-22 22:11:42
1741009,01,912432,Geldautomaat,Available,False,2024-06-22 22:11:43
1746001,01,920009,Geldautomaat,Available,False,2024-06-22 22:11:43
1747002,01,912716,Geldautomaat,Available,False,2024-06-22 22:11:43
1747003,01,812398,Geld storten en opnemen,Available,True,2024-06-22 22:11:44
1749001,01,911849,Geldautomaat,Available,False,2024-06-22 22:11:44
1749002,01,610211,Sealbag-automaat,Unavailable,False,2024-06-22 22:11:45
1749002,02,920443,Geldautomaat,Available,False,2024-06-22 22:11:45
1755001,01,920111,Geldautomaat,Available,False,2024-06-22 22:11:45
1756001,01,920010,Geldautomaat,Available,False,2024-06-22 22:11:45
1759001,01,910682,Geldautomaat,Available,False,2024-06-22 22:11:46
1761003,01,914802,Geldautomaat,Available,False,2024-06-22 22:11:47
1761004,01,812381,Geld storten en opnemen,Available,True,2024-06-22 22:11:47
1764001,01,920722,Geldautomaat,Available,False,2024-06-22 22:11:48
1771001,01,810274,Geld storten en opnemen,Available,True,2024-06-22 22:11:48
1771003,01,811377,Geld storten en opnemen,Available,True,2024-06-22 22:11:48
1771004,01,914810,Geldautomaat,Available,False,2024-06-22 22:11:49
1775001,01,910730,Geldautomaat,Unavailable,False,2024-06-22 22:11:49
1777001,01,810002,Geld storten en opnemen,Available,True,2024-06-22 22:11:50
1779001,01,920244,Geldautomaat,Unavailable,False,2024-06-22 22:11:50
1781001,01,811887,Geld storten en opnemen,Available,True,2024-06-22 22:11:50
1781002,01,912247,Geldautomaat,Available,False,2024-06-22 22:11:51
1781004,01,910693,Geldautomaat,Available,False,2024-06-22 22:11:51
1781009,01,811503,Geld storten en opnemen,Available,True,2024-06-22 22:11:52
1784001,01,920410,Geldautomaat,Available,False,2024-06-22 22:11:52
1784002,01,910727,Geldautomaat,Available,False,2024-06-22 22:11:52
1784003,01,812537,Geld storten en opnemen,Available,True,2024-06-22 22:11:53
1785002,01,911889,Geldautomaat,Available,False,2024-06-22 22:11:53
1785004,01,811674,Geld storten en opnemen,Available,True,2024-06-22 22:11:54
1785005,01,812697,Geld storten en opnemen,Available,True,2024-06-22 22:11:54
1787001,01,913927,Geldautomaat,Available,False,2024-06-22 22:11:54
1787002,01,920957,Geldautomaat,Available,False,2024-06-22 22:11:55
1787002,02,610128,Sealbag-automaat,Available,False,2024-06-22 22:11:55
1787003,01,920113,Geldautomaat,Available,False,2024-06-22 22:11:55
1787004,01,812526,Geld storten en opnemen,Available,True,2024-06-22 22:11:56
1787005,01,914824,Geldautomaat,Available,False,2024-06-22 22:11:56
1788001,01,810853,Geld storten en opnemen,Available,True,2024-06-22 22:11:57
1788005,01,914624,Geldautomaat,Available,False,2024-06-22 22:11:57
1791002,01,912245,Geldautomaat,Available,False,2024-06-22 22:11:57
1791004,01,920513,Geldautomaat,Available,False,2024-06-22 22:11:58
1791004,02,610799,Sealbag-automaat,Available,False,2024-06-22 22:11:58
1791005,01,812543,Geld storten en opnemen,Available,True,2024-06-22 22:11:58
1794002,01,812105,Geld storten en opnemen,Available,True,2024-06-22 22:11:59
1796001,01,920251,Geldautomaat,Available,False,2024-06-22 22:11:59
1796002,01,812217,Geld storten en opnemen,Available,True,2024-06-22 22:11:59
1811002,01,912188,Geldautomaat,Unavailable,False,2024-06-22 22:12:00
1811003,01,912189,Geldautomaat,Available,False,2024-06-22 22:12:00
1811005,01,920330,Geldautomaat,Available,False,2024-06-22 22:12:01
1811005,02,611167,Sealbag-automaat,Available,False,2024-06-22 22:12:01
1813002,01,910704,Geldautomaat,Available,False,2024-06-22 22:12:01
1814002,01,910833,Geldautomaat,Available,False,2024-06-22 22:12:02
1814003,01,911549,Geldautomaat,Available,False,2024-06-22 22:12:02
1816001,01,911879,Geldautomaat,Available,False,2024-06-22 22:12:02
1816002,01,911880,Geldautomaat,Available,False,2024-06-22 22:12:03
1823001,01,910816,Geldautomaat,Available,False,2024-06-22 22:12:03
1823002,01,810421,Geld storten en opnemen,Available,True,2024-06-22 22:12:04
1823002,02,812029,Geld storten en opnemen,Available,True,2024-06-22 22:12:04
1823003,01,914770,Geldautomaat,Available,False,2024-06-22 22:12:04
1824001,01,610267,Sealbag-automaat,Available,False,2024-06-22 22:12:04
1824001,02,911963,Geldautomaat,Available,False,2024-06-22 22:12:04
1825001,01,810684,Geld storten en opnemen,Available,True,2024-06-22 22:12:05
1825001,02,810683,Geld storten en opnemen,Available,True,2024-06-22 22:12:05
1825002,01,912567,Geldautomaat,Available,False,2024-06-22 22:12:05
1825005,01,912583,Geldautomaat,Available,False,2024-06-22 22:12:06
1825006,01,812632,Geld storten en opnemen,Available,True,2024-06-22 22:12:06
1827002,01,920736,Geldautomaat,Available,False,2024-06-22 22:12:07
1829001,01,920988,Geldautomaat,Available,False,2024-06-22 22:12:07
1834002,01,813051,Geld storten en opnemen,Available,True,2024-06-22 22:12:08
1841001,01,910419,Geldautomaat,Available,False,2024-06-22 22:12:08
1841003,01,812977,Geld storten en opnemen,Available,True,2024-06-22 22:12:08
1851001,01,610122,Sealbag-automaat,Available,False,2024-06-22 22:12:09
1851002,01,911678,Geldautomaat,Available,False,2024-06-22 22:12:09
1851003,01,910796,Geldautomaat,Available,False,2024-06-22 22:12:10
1852001,01,910797,Geldautomaat,Available,False,2024-06-22 22:12:10
1861001,01,810441,Geld storten en opnemen,Available,True,2024-06-22 22:12:10
1861001,02,914172,Geldautomaat,Available,False,2024-06-22 22:12:10
1861001,03,610368,Sealbag-automaat,Available,False,2024-06-22 22:12:10
1861002,01,912215,Geldautomaat,Available,False,2024-06-22 22:12:11
1871002,01,811819,Geld storten en opnemen,Available,True,2024-06-22 22:12:11
1901001,01,920762,Geldautomaat,Available,False,2024-06-22 22:12:12
1901005,01,812169,Geld storten en opnemen,Available,True,2024-06-22 22:12:12
1902001,01,910793,Geldautomaat,Available,False,2024-06-22 22:12:12
1902002,01,812892,Geld storten en opnemen,Available,True,2024-06-22 22:12:13
1902002,02,611450,Sealbag-automaat,Available,False,2024-06-22 22:12:13
1902002,03,920287,Geldautomaat,Available,False,2024-06-22 22:12:13
1902004,01,811095,Geld storten en opnemen,Available,True,2024-06-22 22:12:13
1906001,01,910764,Geldautomaat,Available,False,2024-06-22 22:12:14
1906002,01,910765,Geldautomaat,Available,False,2024-06-22 22:12:14
1921001,01,910755,Geldautomaat,Available,False,2024-06-22 22:12:14
1921002,01,914806,Geldautomaat,Available,False,2024-06-22 22:12:15
1931001,01,914791,Geldautomaat,Available,False,2024-06-22 22:12:15
1931002,01,811113,Geld storten en opnemen,Available,True,2024-06-22 22:12:16
1931003,01,912684,Geldautomaat,Available,False,2024-06-22 22:12:16
1934001,01,910760,Geldautomaat,Available,False,2024-06-22 22:12:16
1935001,01,910848,Geldautomaat,Available,False,2024-06-22 22:12:17
1941001,01,912218,Geldautomaat,Available,False,2024-06-22 22:12:17
1941005,01,810448,Geld storten en opnemen,Available,True,2024-06-22 22:12:18
1941006,01,810449,Geld storten en opnemen,Available,True,2024-06-22 22:12:18
1943001,01,910897,Geldautomaat,Available,False,2024-06-22 22:12:18
1945001,01,930128,Geldautomaat,Available,False,2024-06-22 22:12:19
1945002,01,910836,Geldautomaat,Available,False,2024-06-22 22:12:19
1945003,01,812596,Geld storten en opnemen,Available,True,2024-06-22 22:12:20
1947001,01,812926,Geld storten en opnemen,Available,True,2024-06-22 22:12:20
1948001,01,910049,Geldautomaat,Available,False,2024-06-22 22:12:20
1948002,01,910048,Geldautomaat,Available,False,2024-06-22 22:12:21
1948003,01,920119,Geldautomaat,Available,False,2024-06-22 22:12:21
1948003,02,920118,Geldautomaat,Available,False,2024-06-22 22:12:21
1948005,01,913864,Geldautomaat,Available,False,2024-06-22 22:12:21
1948006,01,920652,Geldautomaat,Available,False,2024-06-22 22:12:22
1948006,02,920646,Geldautomaat,Available,False,2024-06-22 22:12:22
1949001,01,920002,Geldautomaat,Available,False,2024-06-22 22:12:22
1951001,01,920054,Geldautomaat,Available,False,2024-06-22 22:12:23
1961001,01,810496,Geld storten en opnemen,Unavailable,False,2024-06-22 22:12:23
1961001,02,610408,Sealbag-automaat,Available,False,2024-06-22 22:12:23
1961001,03,810495,Geld storten en opnemen,Available,True,2024-06-22 22:12:23
1961002,01,912306,Geldautomaat,Available,False,2024-06-22 22:12:24
1961005,01,811524,Geld storten en opnemen,Available,True,2024-06-22 22:12:24
1961006,01,812299,Geld storten en opnemen,Available,True,2024-06-22 22:12:24
1962001,01,812797,Geld storten en opnemen,Available,True,2024-06-22 22:12:25
1964001,01,910900,Geldautomaat,Available,False,2024-06-22 22:12:25
1966002,01,910867,Geldautomaat,Available,False,2024-06-22 22:12:25
1966004,01,914808,Geldautomaat,Available,False,2024-06-22 22:12:26
1967001,01,914379,Geldautomaat,Available,False,2024-06-22 22:12:26
1967002,01,812533,Geld storten en opnemen,Available,True,2024-06-22 22:12:27
1971001,01,811137,Geld storten en opnemen,Available,True,2024-06-22 22:12:27
1971001,02,610428,Sealbag-automaat,Available,False,2024-06-22 22:12:27
1971002,01,912359,Geldautomaat,Available,False,2024-06-22 22:12:28
1971003,01,912360,Geldautomaat,Available,False,2024-06-22 22:12:28
1972001,01,920272,Geldautomaat,Available,False,2024-06-22 22:12:28
1972004,01,811541,Geld storten en opnemen,Available,True,2024-06-22 22:12:29
1973001,01,910896,Geldautomaat,Available,False,2024-06-22 22:12:29
1973003,01,812991,Geld storten en opnemen,Available,True,2024-06-22 22:12:30
1974001,01,910919,Geldautomaat,Available,False,2024-06-22 22:12:30
1991001,01,810826,Geld storten en opnemen,Available,True,2024-06-22 22:12:30
1991002,01,811374,Geld storten en opnemen,Available,True,2024-06-22 22:12:31
2011002,01,911670,Geldautomaat,Unavailable,False,2024-06-22 22:12:31
2011003,01,911671,Geldautomaat,Unavailable,False,2024-06-22 22:12:32
2011004,01,911673,Geldautomaat,Unavailable,False,2024-06-22 22:12:32
2011004,02,610119,Sealbag-automaat,Available,False,2024-06-22 22:12:32
2011005,01,912578,Geldautomaat,Available,False,2024-06-22 22:12:32
2011008,01,811877,Geld storten en opnemen,Available,True,2024-06-22 22:12:33
2011010,01,930002,Geldautomaat,Available,False,2024-06-22 22:12:33
2011010,02,812963,Geld storten en opnemen,Available,True,2024-06-22 22:12:33
2011010,03,611462,Sealbag-automaat,Available,False,2024-06-22 22:12:33
2011012,01,812968,Geld storten en opnemen,Available,True,2024-06-22 22:12:34
2011012,02,812967,Geld storten en opnemen,Available,True,2024-06-22 22:12:34
2011012,03,812966,Geld storten en opnemen,Available,True,2024-06-22 22:12:34
2011012,04,812964,Geld storten en opnemen,Available,True,2024-06-22 22:12:34
2011012,05,812965,Geld storten en opnemen,Available,True,2024-06-22 22:12:34
2014001,01,921362,Geldautomaat,Available,False,2024-06-22 22:12:34
2015001,01,910922,Geldautomaat,Available,False,2024-06-22 22:12:35
2019001,01,911672,Geldautomaat,Available,False,2024-06-22 22:12:35
2021001,01,811435,Geld storten en opnemen,Available,True,2024-06-22 22:12:35
2021002,01,920405,Geldautomaat,Available,False,2024-06-22 22:12:36
2022001,01,920193,Geldautomaat,Available,False,2024-06-22 22:12:36
2023001,01,810019,Geld storten en opnemen,Available,True,2024-06-22 22:12:37
2024002,01,813002,Geld storten en opnemen,Available,True,2024-06-22 22:12:37
2025001,01,911975,Geldautomaat,Available,False,2024-06-22 22:12:38
2026001,01,810324,Geld storten en opnemen,Available,True,2024-06-22 22:12:38
2032001,01,914627,Geldautomaat,Available,False,2024-06-22 22:12:38
2032003,01,812240,Geld storten en opnemen,Available,True,2024-06-22 22:12:39
2033006,01,812409,Geld storten en opnemen,Available,True,2024-06-22 22:12:39
2034001,01,914844,Geldautomaat,Available,False,2024-06-22 22:12:40
2035001,01,921007,Geldautomaat,Available,False,2024-06-22 22:12:40
2037002,01,921003,Geldautomaat,Available,False,2024-06-22 22:12:40
2037002,02,810307,Geld storten en opnemen,Available,True,2024-06-22 22:12:40
2037006,01,914724,Geldautomaat,Available,False,2024-06-22 22:12:41
2042002,01,930122,Geldautomaat,Available,False,2024-06-22 22:12:42
2042004,01,810975,Geld storten en opnemen,Available,True,2024-06-22 22:12:42
2042004,02,810976,Geld storten en opnemen,Available,True,2024-06-22 22:12:42
2042004,03,611159,Sealbag-automaat,Available,False,2024-06-22 22:12:42
2042006,01,811213,Geld storten en opnemen,Available,True,2024-06-22 22:12:42
2042007,01,812532,Geld storten en opnemen,Available,True,2024-06-22 22:12:43
2051002,01,910959,Geldautomaat,Available,False,2024-06-22 22:12:43
2051004,01,811808,Geld storten en opnemen,Available,True,2024-06-22 22:12:44
2061002,01,912221,Geldautomaat,Available,False,2024-06-22 22:12:44
2064001,01,910998,Geldautomaat,Available,False,2024-06-22 22:12:44
2071002,01,811904,Geld storten en opnemen,Available,True,2024-06-22 22:12:45
2101001,01,912307,Geldautomaat,Available,False,2024-06-22 22:12:45
2102001,01,920058,Geldautomaat,Available,False,2024-06-22 22:12:46
2106001,01,911100,Geldautomaat,Available,False,2024-06-22 22:12:46
2121001,01,911021,Geldautomaat,Available,False,2024-06-22 22:12:46
2121002,01,920413,Geldautomaat,Available,False,2024-06-22 22:12:47
2132001,01,810515,Geld storten en opnemen,Unavailable,False,2024-06-22 22:12:47
2132001,02,812602,Geld storten en opnemen,Unavailable,False,2024-06-22 22:12:47
2132001,03,610421,Sealbag-automaat,Available,False,2024-06-22 22:12:47
2132002,01,912335,Geldautomaat,Available,False,2024-06-22 22:12:48
2132003,01,912336,Geldautomaat,Available,False,2024-06-22 22:12:48
2132007,01,812037,Geld storten en opnemen,Available,True,2024-06-22 22:12:48
2132007,02,811535,Geld storten en opnemen,Available,True,2024-06-22 22:12:48
2133001,01,913967,Geldautomaat,Available,False,2024-06-22 22:12:49
2133002,01,920667,Geldautomaat,Available,False,2024-06-22 22:12:49
2134001,01,912571,Geldautomaat,Available,False,2024-06-22 22:12:50
2134003,01,912815,Geldautomaat,Available,False,2024-06-22 22:12:50
2134007,01,812208,Geld storten en opnemen,Available,True,2024-06-22 22:12:50
2135002,01,921244,Geldautomaat,Available,False,2024-06-22 22:12:51
2135003,01,920329,Geldautomaat,Available,False,2024-06-22 22:12:51
2151001,01,920520,Geldautomaat,Available,False,2024-06-22 22:12:51
2151002,01,921203,Geldautomaat,Available,False,2024-06-22 22:12:52
2151003,01,810941,Geld storten en opnemen,Available,True,2024-06-22 22:12:52
2151005,01,811554,Geld storten en opnemen,Available,True,2024-06-22 22:12:53
2153001,01,921015,Geldautomaat,Available,False,2024-06-22 22:12:53
2153001,02,610145,Sealbag-automaat,Available,False,2024-06-22 22:12:53
2161001,01,912383,Geldautomaat,Available,False,2024-06-22 22:12:54
2161002,01,610439,Sealbag-automaat,Available,False,2024-06-22 22:12:54
2161002,02,920339,Geldautomaat,Available,False,2024-06-22 22:12:54
2161004,01,811340,Geld storten en opnemen,Available,True,2024-06-22 22:12:54
2171002,01,930110,Geldautomaat,Available,False,2024-06-22 22:12:55
2171003,01,911781,Geldautomaat,Available,False,2024-06-22 22:12:55
2181001,01,921213,Geldautomaat,Available,False,2024-06-22 22:12:56
2181005,01,811532,Geld storten en opnemen,Available,True,2024-06-22 22:12:56
2181006,01,813015,Geld storten en opnemen,Available,True,2024-06-22 22:12:56
2182001,01,920668,Geldautomaat,Available,False,2024-06-22 22:12:57
2201002,01,921079,Geldautomaat,Available,False,2024-06-22 22:12:57
2201007,01,811037,Geld storten en opnemen,Available,True,2024-06-22 22:12:58
2202002,01,810584,Geld storten en opnemen,Available,True,2024-06-22 22:12:58
2203001,01,910892,Geldautomaat,Available,False,2024-06-22 22:12:58
2203001,02,611478,Sealbag-automaat,Available,False,2024-06-22 22:12:58
2211001,01,911728,Geldautomaat,Available,False,2024-06-22 22:12:59
2211002,01,911729,Geldautomaat,Available,False,2024-06-22 22:12:59
2211002,02,810201,Geld storten en opnemen,Available,True,2024-06-22 22:12:59
2211004,01,812527,Geld storten en opnemen,Available,True,2024-06-22 22:13:00
2215001,01,811203,Geld storten en opnemen,Available,True,2024-06-22 22:13:00
2215002,01,921057,Geldautomaat,Available,False,2024-06-22 22:13:01
2215003,01,910894,Geldautomaat,Available,False,2024-06-22 22:13:01
2221001,01,921261,Geldautomaat,Available,False,2024-06-22 22:13:01
2221002,01,910875,Geldautomaat,Available,False,2024-06-22 22:13:02
2222001,01,921121,Geldautomaat,Available,False,2024-06-22 22:13:02
2223001,01,910876,Geldautomaat,Available,False,2024-06-22 22:13:03
2223001,02,611372,Sealbag-automaat,Available,False,2024-06-22 22:13:03
2224001,01,910023,Geldautomaat,Available,False,2024-06-22 22:13:03
2224002,01,914725,Geldautomaat,Available,False,2024-06-22 22:13:03
2225001,01,810085,Geld storten en opnemen,Available,True,2024-06-22 22:13:04
2225001,02,610024,Sealbag-automaat,Available,False,2024-06-22 22:13:04
2225004,01,810747,Geld storten en opnemen,Available,True,2024-06-22 22:13:04
2225005,01,812024,Geld storten en opnemen,Available,True,2024-06-22 22:13:05
2231001,01,921269,Geldautomaat,Available,False,2024-06-22 22:13:05
2231003,01,610589,Sealbag-automaat,Available,False,2024-06-22 22:13:05
2231003,02,930009,Geldautomaat,Available,False,2024-06-22 22:13:05
2231004,01,811170,Geld storten en opnemen,Available,True,2024-06-22 22:13:06
2231005,01,812530,Geld storten en opnemen,Available,True,2024-06-22 22:13:06
2235001,01,920138,Geldautomaat,Available,False,2024-06-22 22:13:06
2241001,01,930090,Geldautomaat,Available,False,2024-06-22 22:13:07
2241002,01,812696,Geld storten en opnemen,Available,True,2024-06-22 22:13:07
2241002,02,611204,Sealbag-automaat,Available,False,2024-06-22 22:13:07
2242002,01,611119,Sealbag-automaat,Available,False,2024-06-22 22:13:08
2242002,02,812845,Geld storten en opnemen,Available,True,2024-06-22 22:13:08
2242002,03,812982,Geld storten en opnemen,Available,True,2024-06-22 22:13:08
2251001,01,911844,Geldautomaat,Available,False,2024-06-22 22:13:08
2251005,01,811594,Geld storten en opnemen,Available,True,2024-06-22 22:13:08
2251005,02,813034,Geld storten en opnemen,Available,True,2024-06-22 22:13:08
2252001,01,611517,Sealbag-automaat,Available,False,2024-06-22 22:13:09
2252001,02,810266,Geld storten en opnemen,Available,True,2024-06-22 22:13:09
2253001,01,911929,Geldautomaat,Available,False,2024-06-22 22:13:09
2253001,02,610257,Sealbag-automaat,Available,False,2024-06-22 22:13:09
2262001,01,810548,Geld storten en opnemen,Available,True,2024-06-22 22:13:10
2262001,02,610441,Sealbag-automaat,Available,False,2024-06-22 22:13:10
2263002,01,920802,Geldautomaat,Available,False,2024-06-22 22:13:11
2263003,01,812866,Geld storten en opnemen,Available,True,2024-06-22 22:13:11
2265001,01,811225,Geld storten en opnemen,Available,True,2024-06-22 22:13:11
2265001,02,812019,Geld storten en opnemen,Available,True,2024-06-22 22:13:11
2266001,01,920137,Geldautomaat,Available,False,2024-06-22 22:13:12
2271001,01,914113,Geldautomaat,Available,False,2024-06-22 22:13:12
2271002,01,921144,Geldautomaat,Available,False,2024-06-22 22:13:13
2271003,01,610934,Sealbag-automaat,Available,False,2024-06-22 22:13:13
2271003,02,920952,Geldautomaat,Available,False,2024-06-22 22:13:13
2273001,01,912580,Geldautomaat,Available,False,2024-06-22 22:13:13
2273002,01,921288,Geldautomaat,Available,False,2024-06-22 22:13:14
2274001,01,914138,Geldautomaat,Available,False,2024-06-22 22:13:14
2274002,01,810706,Geld storten en opnemen,Available,True,2024-06-22 22:13:15
2282001,01,920455,Geldautomaat,Available,False,2024-06-22 22:13:15
2282003,01,912793,Geldautomaat,Available,False,2024-06-22 22:13:15
2282009,01,912810,Geldautomaat,Available,False,2024-06-22 22:13:16
2283001,01,811901,Geld storten en opnemen,Available,True,2024-06-22 22:13:16
2284001,01,810230,Geld storten en opnemen,Unavailable,False,2024-06-22 22:13:17
2284001,02,810225,Geld storten en opnemen,Available,True,2024-06-22 22:13:17
2284002,01,921319,Geldautomaat,Available,False,2024-06-22 22:13:17
2284003,01,610176,Sealbag-automaat,Available,False,2024-06-22 22:13:17
2284003,02,911762,Geldautomaat,Available,False,2024-06-22 22:13:17
2284009,01,812702,Geld storten en opnemen,Available,True,2024-06-22 22:13:18
2286001,01,910978,Geldautomaat,Available,False,2024-06-22 22:13:18
2288004,01,813109,Geld storten en opnemen,Available,True,2024-06-22 22:13:19
2291001,01,610501,Sealbag-automaat,Available,False,2024-06-22 22:13:19
2291001,02,810633,Geld storten en opnemen,Available,True,2024-06-22 22:13:19
2291002,01,912498,Geldautomaat,Unavailable,False,2024-06-22 22:13:19
2291005,01,810643,Geld storten en opnemen,Available,True,2024-06-22 22:13:20
2311001,01,810012,Geld storten en opnemen,Unavailable,False,2024-06-22 22:13:20
2311001,02,810013,Geld storten en opnemen,Available,True,2024-06-22 22:13:20
2311003,01,920460,Geldautomaat,Available,False,2024-06-22 22:13:21
2312002,01,911382,Geldautomaat,Available,False,2024-06-22 22:13:22
2312003,01,911383,Geldautomaat,Available,False,2024-06-22 22:13:22
2312008,01,811848,Geld storten en opnemen,Available,True,2024-06-22 22:13:23
2312008,02,812477,Geld storten en opnemen,Available,True,2024-06-22 22:13:23
2312008,03,611043,Sealbag-automaat,Available,False,2024-06-22 22:13:23
2312009,01,812430,Geld storten en opnemen,Available,True,2024-06-22 22:13:23
2312014,01,611460,Sealbag-automaat,Available,False,2024-06-22 22:13:24
2312014,02,914866,Geldautomaat,Available,False,2024-06-22 22:13:24
2312014,03,812951,Geld storten en opnemen,Unavailable,True,2024-06-22 22:13:24
2312016,01,812954,Geld storten en opnemen,Available,True,2024-06-22 22:13:24
2312016,02,812952,Geld storten en opnemen,Available,True,2024-06-22 22:13:24
2312016,03,812956,Geld storten en opnemen,Available,True,2024-06-22 22:13:24
2312016,04,812953,Geld storten en opnemen,Available,True,2024-06-22 22:13:24
2312016,05,812955,Geld storten en opnemen,Available,True,2024-06-22 22:13:24
2313002,01,811890,Geld storten en opnemen,Available,True,2024-06-22 22:13:25
2314001,01,813112,Geld storten en opnemen,Available,True,2024-06-22 22:13:25
2315002,01,812674,Geld storten en opnemen,Available,True,2024-06-22 22:13:26
2316001,01,921370,Geldautomaat,Available,False,2024-06-22 22:13:26
2317001,01,811262,Geld storten en opnemen,Available,True,2024-06-22 22:13:26
2317002,01,921371,Geldautomaat,Available,False,2024-06-22 22:13:27
2321001,01,913955,Geldautomaat,Unavailable,False,2024-06-22 22:13:27
2321002,01,610273,Sealbag-automaat,Available,False,2024-06-22 22:13:28
2321002,02,920229,Geldautomaat,Available,False,2024-06-22 22:13:28
2321003,01,911958,Geldautomaat,Available,False,2024-06-22 22:13:28
2321005,01,811451,Geld storten en opnemen,Available,True,2024-06-22 22:13:28
2331001,01,811302,Geld storten en opnemen,Available,True,2024-06-22 22:13:29
2331002,01,921150,Geldautomaat,Available,False,2024-06-22 22:13:29
2332001,01,913948,Geldautomaat,Available,False,2024-06-22 22:13:30
2332002,01,812534,Geld storten en opnemen,Available,True,2024-06-22 22:13:30
2341001,01,921075,Geldautomaat,Available,False,2024-06-22 22:13:31
2341002,01,810927,Geld storten en opnemen,Available,True,2024-06-22 22:13:31
2341002,02,610791,Sealbag-automaat,Available,False,2024-06-22 22:13:31
2341004,01,810716,Geld storten en opnemen,Available,True,2024-06-22 22:13:31
2343001,01,921146,Geldautomaat,Available,False,2024-06-22 22:13:32
2352001,01,912636,Geldautomaat,Available,False,2024-06-22 22:13:32
2353001,01,912380,Geldautomaat,Available,False,2024-06-22 22:13:33
2353005,01,610994,Sealbag-automaat,Available,False,2024-06-22 22:13:33
2353009,01,914604,Geldautomaat,Available,False,2024-06-22 22:13:33
2353009,02,812394,Geld storten en opnemen,Available,True,2024-06-22 22:13:33
2353010,01,812655,Geld storten en opnemen,Available,True,2024-06-22 22:13:34
2353010,02,812609,Geld storten en opnemen,Available,True,2024-06-22 22:13:34
2355001,01,920025,Geldautomaat,Available,False,2024-06-22 22:13:34
2361001,01,910862,Geldautomaat,Available,False,2024-06-22 22:13:35
2371001,01,810232,Geld storten en opnemen,Available,True,2024-06-22 22:13:35
2371001,02,610169,Sealbag-automaat,Available,False,2024-06-22 22:13:35
2375001,01,920444,Geldautomaat,Available,False,2024-06-22 22:13:35
2377001,01,920767,Geldautomaat,Available,False,2024-06-22 22:13:36
2381001,01,610228,Sealbag-automaat,Available,False,2024-06-22 22:13:36
2381001,02,920960,Geldautomaat,Available,False,2024-06-22 22:13:36
2382001,01,920026,Geldautomaat,Available,False,2024-06-22 22:13:37
2391001,01,910942,Geldautomaat,Available,False,2024-06-22 22:13:37
2394001,01,811523,Geld storten en opnemen,Available,True,2024-06-22 22:13:38
2402001,01,811767,Geld storten en opnemen,Available,True,2024-06-22 22:13:38
2402002,01,911928,Geldautomaat,Available,False,2024-06-22 22:13:38
2402004,01,910994,Geldautomaat,Available,False,2024-06-22 22:13:39
2402008,01,812539,Geld storten en opnemen,Available,True,2024-06-22 22:13:39
2402010,01,812588,Geld storten en opnemen,Available,True,2024-06-22 22:13:40
2404001,01,920122,Geldautomaat,Available,False,2024-06-22 22:13:40
2406001,01,912193,Geldautomaat,Available,False,2024-06-22 22:13:40
2406003,01,810429,Geld storten en opnemen,Available,True,2024-06-22 22:13:41
2406007,01,611365,Sealbag-automaat,Available,False,2024-06-22 22:13:41
2406007,02,914691,Geldautomaat,Available,False,2024-06-22 22:13:41
2408002,01,920630,Geldautomaat,Available,False,2024-06-22 22:13:42
2411001,01,810768,Geld storten en opnemen,Available,True,2024-06-22 22:13:42
2411002,01,811085,Geld storten en opnemen,Available,True,2024-06-22 22:13:42
2411003,01,912670,Geldautomaat,Available,False,2024-06-22 22:13:43
2411004,01,912671,Geldautomaat,Available,False,2024-06-22 22:13:43
2411004,02,610572,Sealbag-automaat,Available,False,2024-06-22 22:13:43
2411005,01,812077,Geld storten en opnemen,Available,True,2024-06-22 22:13:43
2421001,01,610147,Sealbag-automaat,Available,False,2024-06-22 22:13:44
2421002,01,911723,Geldautomaat,Available,False,2024-06-22 22:13:44
2421003,01,811259,Geld storten en opnemen,Available,True,2024-06-22 22:13:45
2431001,01,920818,Geldautomaat,Available,False,2024-06-22 22:13:45
2435001,01,920457,Geldautomaat,Available,False,2024-06-22 22:13:45
2441001,01,611029,Sealbag-automaat,Available,False,2024-06-22 22:13:46
2441001,02,920963,Geldautomaat,Available,False,2024-06-22 22:13:46
2451001,01,810029,Geld storten en opnemen,Available,True,2024-06-22 22:13:46
2451002,01,813198,Geld storten en opnemen,Available,True,2024-06-22 22:13:47
2461001,01,920120,Geldautomaat,Available,False,2024-06-22 22:13:47
2461002,01,610195,Sealbag-automaat,Unavailable,False,2024-06-22 22:13:47
2481001,01,911050,Geldautomaat,Available,False,2024-06-22 22:13:48
2492001,01,811303,Geld storten en opnemen,Available,True,2024-06-22 22:13:48
2492002,01,912814,Geldautomaat,Available,False,2024-06-22 22:13:49
2496001,01,920277,Geldautomaat,Available,False,2024-06-22 22:13:49
2511001,01,911396,Geldautomaat,Available,False,2024-06-22 22:13:49
2511002,01,910783,Geldautomaat,Available,False,2024-06-22 22:13:50
2511003,01,913947,Geldautomaat,Available,False,2024-06-22 22:13:50
2511005,01,812213,Geld storten en opnemen,Available,True,2024-06-22 22:13:51
2511006,01,810299,Geld storten en opnemen,Available,True,2024-06-22 22:13:51
2511007,01,911896,Geldautomaat,Available,False,2024-06-22 22:13:52
2511008,01,920459,Geldautomaat,Available,False,2024-06-22 22:13:52
2511009,01,811612,Geld storten en opnemen,Available,True,2024-06-22 22:13:52
2511012,01,812768,Geld storten en opnemen,Available,True,2024-06-22 22:13:53
2511013,01,812992,Geld storten en opnemen,Available,True,2024-06-22 22:13:53
2512001,01,913867,Geldautomaat,Available,False,2024-06-22 22:13:54
2512001,02,913866,Geldautomaat,Available,False,2024-06-22 22:13:54
2512002,01,810291,Geld storten en opnemen,Available,True,2024-06-22 22:13:54
2512002,02,610243,Sealbag-automaat,Available,False,2024-06-22 22:13:54
2512002,03,811832,Geld storten en opnemen,Available,True,2024-06-22 22:13:54
2512002,04,914205,Geldautomaat,Available,False,2024-06-22 22:13:54
2512002,05,810290,Geld storten en opnemen,Available,True,2024-06-22 22:13:54
2512003,01,911895,Geldautomaat,Available,False,2024-06-22 22:13:54
2512003,02,911894,Geldautomaat,Available,False,2024-06-22 22:13:54
2513001,01,911398,Geldautomaat,Available,False,2024-06-22 22:13:55
2513001,02,911397,Geldautomaat,Available,False,2024-06-22 22:13:55
2513002,01,911399,Geldautomaat,Available,False,2024-06-22 22:13:55
2513003,01,811824,Geld storten en opnemen,Available,True,2024-06-22 22:13:56
2513004,01,910746,Geldautomaat,Available,False,2024-06-22 22:13:56
2515001,01,911897,Geldautomaat,Available,False,2024-06-22 22:13:57
2515002,01,912638,Geldautomaat,Available,False,2024-06-22 22:13:57
2515004,01,812138,Geld storten en opnemen,Available,True,2024-06-22 22:13:57
2515005,01,914774,Geldautomaat,Available,False,2024-06-22 22:13:58
2517001,01,914137,Geldautomaat,Available,False,2024-06-22 22:13:58
2517002,01,910717,Geldautomaat,Available,False,2024-06-22 22:13:58
2517004,01,811291,Geld storten en opnemen,Available,True,2024-06-22 22:13:59
2521001,01,920250,Geldautomaat,Available,False,2024-06-22 22:13:59
2521002,01,920472,Geldautomaat,Available,False,2024-06-22 22:14:00
2522001,01,910724,Geldautomaat,Available,False,2024-06-22 22:14:00
2522003,01,811281,Geld storten en opnemen,Available,True,2024-06-22 22:14:01
2523001,01,920132,Geldautomaat,Available,False,2024-06-22 22:14:01
2523002,01,912756,Geldautomaat,Available,False,2024-06-22 22:14:01
2523003,01,811833,Geld storten en opnemen,Available,True,2024-06-22 22:14:02
2523004,01,914659,Geldautomaat,Available,False,2024-06-22 22:14:02
2523006,01,811908,Geld storten en opnemen,Available,True,2024-06-22 22:14:03
2523007,01,813113,Geld storten en opnemen,Available,True,2024-06-22 22:14:03
2526001,01,610268,Sealbag-automaat,Available,False,2024-06-22 22:14:03
2526001,02,920477,Geldautomaat,Available,False,2024-06-22 22:14:03
2526001,03,811821,Geld storten en opnemen,Available,True,2024-06-22 22:14:03
2526001,04,811822,Geld storten en opnemen,Available,True,2024-06-22 22:14:03
2526001,05,810313,Geld storten en opnemen,Available,True,2024-06-22 22:14:03
2526002,01,911936,Geldautomaat,Available,False,2024-06-22 22:14:04
2526003,01,920607,Geldautomaat,Available,False,2024-06-22 22:14:04
2526003,02,810319,Geld storten en opnemen,Available,True,2024-06-22 22:14:04
2526003,03,811249,Geld storten en opnemen,Available,True,2024-06-22 22:14:04
2526004,01,910829,Geldautomaat,Unavailable,False,2024-06-22 22:14:05
2533001,01,920616,Geldautomaat,Available,False,2024-06-22 22:14:05
2533002,01,910675,Geldautomaat,Available,False,2024-06-22 22:14:06
2542001,01,910751,Geldautomaat,Available,False,2024-06-22 22:14:06
2542002,01,920536,Geldautomaat,Available,False,2024-06-22 22:14:06
2543001,01,912568,Geldautomaat,Available,False,2024-06-22 22:14:07
2543002,01,920651,Geldautomaat,Available,False,2024-06-22 22:14:07
2543004,01,812403,Geld storten en opnemen,Available,True,2024-06-22 22:14:08
2543004,02,920984,Geldautomaat,Available,False,2024-06-22 22:14:08
2545001,01,812719,Geld storten en opnemen,Available,True,2024-06-22 22:14:08
2545001,02,810120,Geld storten en opnemen,Unavailable,False,2024-06-22 22:14:08
2545002,01,810121,Geld storten en opnemen,Unavailable,True,2024-06-22 22:14:08
2545002,02,920615,Geldautomaat,Available,False,2024-06-22 22:14:08
2547001,01,914661,Geldautomaat,Available,False,2024-06-22 22:14:09
2547002,01,920591,Geldautomaat,Available,False,2024-06-22 22:14:09
2547003,01,910721,Geldautomaat,Available,False,2024-06-22 22:14:10
2548001,01,811735,Geld storten en opnemen,Available,True,2024-06-22 22:14:10
2548002,01,921171,Geldautomaat,Available,False,2024-06-22 22:14:11
2548003,01,921124,Geldautomaat,Available,False,2024-06-22 22:14:11
2548004,01,913270,Geldautomaat,Available,False,2024-06-22 22:14:11
2551001,01,812548,Geld storten en opnemen,Available,True,2024-06-22 22:14:12
2551002,01,921013,Geldautomaat,Available,False,2024-06-22 22:14:12
2551003,01,812504,Geld storten en opnemen,Available,True,2024-06-22 22:14:12
2552001,01,914134,Geldautomaat,Available,False,2024-06-22 22:14:13
2552002,01,910711,Geldautomaat,Available,False,2024-06-22 22:14:13
2552004,01,811268,Geld storten en opnemen,Available,True,2024-06-22 22:14:14
2553001,01,930088,Geldautomaat,Available,False,2024-06-22 22:14:14
2553002,01,913271,Geldautomaat,Available,False,2024-06-22 22:14:15
2554002,01,914868,Geldautomaat,Available,False,2024-06-22 22:14:15
2561001,01,910702,Geldautomaat,Available,False,2024-06-22 22:14:15
2562001,01,920619,Geldautomaat,Available,False,2024-06-22 22:14:16
2562001,02,811834,Geld storten en opnemen,Available,True,2024-06-22 22:14:16
2562002,01,910740,Geldautomaat,Available,False,2024-06-22 22:14:16
2563001,01,920624,Geldautomaat,Unavailable,False,2024-06-22 22:14:16
2563001,02,610247,Sealbag-automaat,Available,False,2024-06-22 22:14:16
2563002,01,910741,Geldautomaat,Available,False,2024-06-22 22:14:17
2564002,01,811611,Geld storten en opnemen,Available,True,2024-06-22 22:14:17
2565001,01,812193,Geld storten en opnemen,Available,True,2024-06-22 22:14:18
2566002,01,911888,Geldautomaat,Available,False,2024-06-22 22:14:18
2566003,01,812419,Geld storten en opnemen,Available,True,2024-06-22 22:14:19
2566003,02,611353,Sealbag-automaat,Available,False,2024-06-22 22:14:19
2571001,01,930105,Geldautomaat,Available,False,2024-06-22 22:14:19
2572001,01,910622,Geldautomaat,Available,False,2024-06-22 22:14:19
2573001,01,912156,Geldautomaat,Available,False,2024-06-22 22:14:20
2573006,01,812074,Geld storten en opnemen,Available,True,2024-06-22 22:14:20
2573006,02,812173,Geld storten en opnemen,Available,True,2024-06-22 22:14:20
2582001,01,912572,Geldautomaat,Available,False,2024-06-22 22:14:21
2582002,01,912573,Geldautomaat,Available,False,2024-06-22 22:14:21
2582005,01,913273,Geldautomaat,Available,False,2024-06-22 22:14:21
2582006,01,811443,Geld storten en opnemen,Available,True,2024-06-22 22:14:22
2582007,01,611403,Sealbag-automaat,Available,False,2024-06-22 22:14:22
2582007,02,812648,Geld storten en opnemen,Available,True,2024-06-22 22:14:22
2584001,01,912597,Geldautomaat,Available,False,2024-06-22 22:14:23
2585001,01,810042,Geld storten en opnemen,Available,True,2024-06-22 22:14:23
2585002,01,911402,Geldautomaat,Available,False,2024-06-22 22:14:23
2586001,01,913853,Geldautomaat,Available,False,2024-06-22 22:14:24
2586002,01,913854,Geldautomaat,Available,False,2024-06-22 22:14:24
2587001,01,913931,Geldautomaat,Available,False,2024-06-22 22:14:25
2587002,01,911908,Geldautomaat,Available,False,2024-06-22 22:14:25
2587004,01,811663,Geld storten en opnemen,Available,True,2024-06-22 22:14:25
2592001,01,810069,Geld storten en opnemen,Available,True,2024-06-22 22:14:26
2592001,02,920604,Geldautomaat,Available,False,2024-06-22 22:14:26
2592002,01,911427,Geldautomaat,Available,False,2024-06-22 22:14:26
2593001,01,920608,Geldautomaat,Unavailable,False,2024-06-22 22:14:27
2593001,02,812669,Geld storten en opnemen,Available,True,2024-06-22 22:14:27
2593002,01,911539,Geldautomaat,Available,False,2024-06-22 22:14:27
2593003,01,911540,Geldautomaat,Available,False,2024-06-22 22:14:27
2593005,01,812701,Geld storten en opnemen,Available,True,2024-06-22 22:14:28
2595001,01,810088,Geld storten en opnemen,Available,True,2024-06-22 22:14:28
2595001,02,810087,Geld storten en opnemen,Available,True,2024-06-22 22:14:28
2595002,01,914041,Geldautomaat,Available,False,2024-06-22 22:14:29
2596001,01,810078,Geld storten en opnemen,Available,True,2024-06-22 22:14:29
2596002,01,810047,Geld storten en opnemen,Available,True,2024-06-22 22:14:30
2596002,02,810048,Geld storten en opnemen,Available,True,2024-06-22 22:14:30
2596003,01,910641,Geldautomaat,Available,False,2024-06-22 22:14:30
2597001,01,812214,Geld storten en opnemen,Available,True,2024-06-22 22:14:30
2597002,01,810067,Geld storten en opnemen,Available,True,2024-06-22 22:14:31
2597003,01,911424,Geldautomaat,Available,False,2024-06-22 22:14:31
2611001,01,914696,Geldautomaat,Available,False,2024-06-22 22:14:31
2611001,02,811802,Geld storten en opnemen,Unavailable,True,2024-06-22 22:14:31
2611002,01,912241,Geldautomaat,Available,False,2024-06-22 22:14:32
2611003,01,912242,Geldautomaat,Available,False,2024-06-22 22:14:32
2611007,01,914821,Geldautomaat,Unavailable,False,2024-06-22 22:14:33
2613001,01,910640,Geldautomaat,Available,False,2024-06-22 22:14:33
2614001,01,920133,Geldautomaat,Available,False,2024-06-22 22:14:34
2622001,01,812554,Geld storten en opnemen,Available,True,2024-06-22 22:14:34
2623001,01,921028,Geldautomaat,Available,False,2024-06-22 22:14:35
2623003,01,812803,Geld storten en opnemen,Available,True,2024-06-22 22:14:35
2624001,01,610269,Sealbag-automaat,Available,False,2024-06-22 22:14:35
2624001,02,914136,Geldautomaat,Available,False,2024-06-22 22:14:35
2624001,03,811770,Geld storten en opnemen,Available,True,2024-06-22 22:14:35
2624002,01,911943,Geldautomaat,Available,False,2024-06-22 22:14:36
2624003,01,911944,Geldautomaat,Available,False,2024-06-22 22:14:36
2625001,01,811056,Geld storten en opnemen,Available,True,2024-06-22 22:14:37
2625003,01,920226,Geldautomaat,Available,False,2024-06-22 22:14:37
2628001,01,913916,Geldautomaat,Available,False,2024-06-22 22:14:38
2628002,01,910628,Geldautomaat,Unavailable,False,2024-06-22 22:14:38
2631001,01,912407,Geldautomaat,Available,False,2024-06-22 22:14:38
2631001,02,610449,Sealbag-automaat,Available,False,2024-06-22 22:14:38
2632001,01,912406,Geldautomaat,Available,False,2024-06-22 22:14:39
2632003,01,811421,Geld storten en opnemen,Available,True,2024-06-22 22:14:39
2635001,01,910591,Geldautomaat,Available,False,2024-06-22 22:14:39
2635001,02,910592,Geldautomaat,Available,False,2024-06-22 22:14:39
2636001,01,910605,Geldautomaat,Available,False,2024-06-22 22:14:40
2641001,01,810582,Geld storten en opnemen,Available,True,2024-06-22 22:14:40
2641001,02,610724,Sealbag-automaat,Available,False,2024-06-22 22:14:40
2641002,01,912425,Geldautomaat,Available,False,2024-06-22 22:14:41
2641005,01,811422,Geld storten en opnemen,Available,True,2024-06-22 22:14:41
2641006,01,811913,Geld storten en opnemen,Available,True,2024-06-22 22:14:41
2643001,01,910624,Geldautomaat,Available,False,2024-06-22 22:14:42
2643002,01,812590,Geld storten en opnemen,Available,True,2024-06-22 22:14:42
2645001,01,910590,Geldautomaat,Unavailable,False,2024-06-22 22:14:43
2651001,01,910584,Geldautomaat,Available,False,2024-06-22 22:14:43
2651002,01,912081,Geldautomaat,Available,False,2024-06-22 22:14:43
2651003,01,912082,Geldautomaat,Available,False,2024-06-22 22:14:44
2651003,02,610314,Sealbag-automaat,Available,False,2024-06-22 22:14:44
2661001,01,610078,Sealbag-automaat,Available,False,2024-06-22 22:14:44
2661001,02,810140,Geld storten en opnemen,Available,True,2024-06-22 22:14:44
2661003,01,911579,Geldautomaat,Available,False,2024-06-22 22:14:45
2665001,01,910588,Geldautomaat,Available,False,2024-06-22 22:14:46
2665002,01,920108,Geldautomaat,Available,False,2024-06-22 22:14:46
2671001,01,912404,Geldautomaat,Available,False,2024-06-22 22:14:46
2671005,01,920305,Geldautomaat,Available,False,2024-06-22 22:14:47
2671005,02,611013,Sealbag-automaat,Available,False,2024-06-22 22:14:47
2671005,03,811986,Geld storten en opnemen,Unavailable,False,2024-06-22 22:14:47
2671006,01,810564,Geld storten en opnemen,Available,True,2024-06-22 22:14:47
2675001,01,910597,Geldautomaat,Available,False,2024-06-22 22:14:47
2675002,01,910598,Geldautomaat,Available,False,2024-06-22 22:14:48
2676001,01,920528,Geldautomaat,Available,False,2024-06-22 22:14:48
2676001,02,610139,Sealbag-automaat,Available,False,2024-06-22 22:14:48
2678001,01,912086,Geldautomaat,Available,False,2024-06-22 22:14:49
2678002,01,912087,Geldautomaat,Available,False,2024-06-22 22:14:49
2678002,02,811000,Geld storten en opnemen,Available,True,2024-06-22 22:14:49
2678002,03,610315,Sealbag-automaat,Available,False,2024-06-22 22:14:49
2681001,01,920332,Geldautomaat,Available,False,2024-06-22 22:14:49
2681002,01,811839,Geld storten en opnemen,Available,True,2024-06-22 22:14:50
2691001,01,911771,Geldautomaat,Available,False,2024-06-22 22:14:50
2691002,01,811172,Geld storten en opnemen,Available,True,2024-06-22 22:14:51
2692001,01,610172,Sealbag-automaat,Available,False,2024-06-22 22:14:51
2692001,02,920331,Geldautomaat,Available,False,2024-06-22 22:14:51
2711001,01,912536,Geldautomaat,Available,False,2024-06-22 22:14:51
2711005,01,611445,Sealbag-automaat,Available,False,2024-06-22 22:14:52
2711005,02,812673,Geld storten en opnemen,Available,True,2024-06-22 22:14:52
2711007,01,914883,Geldautomaat,Available,False,2024-06-22 22:14:53
2711007,02,611479,Sealbag-automaat,Available,False,2024-06-22 22:14:53
2711007,03,813035,Geld storten en opnemen,Available,True,2024-06-22 22:14:53
2711008,01,813037,Geld storten en opnemen,Available,True,2024-06-22 22:14:53
2711008,02,813036,Geld storten en opnemen,Available,True,2024-06-22 22:14:53
2711008,03,813038,Geld storten en opnemen,Available,True,2024-06-22 22:14:53
2711008,04,813040,Geld storten en opnemen,Available,True,2024-06-22 22:14:53
2711008,05,813039,Geld storten en opnemen,Available,True,2024-06-22 22:14:53
2712004,01,813108,Geld storten en opnemen,Available,True,2024-06-22 22:14:54
2716002,01,920221,Geldautomaat,Available,False,2024-06-22 22:14:54
2716003,01,910885,Geldautomaat,Available,False,2024-06-22 22:14:55
2717001,01,910845,Geldautomaat,Available,False,2024-06-22 22:14:55
2718001,01,811237,Geld storten en opnemen,Available,True,2024-06-22 22:14:56
2719001,01,910902,Geldautomaat,Available,False,2024-06-22 22:14:56
2719002,01,810925,Geld storten en opnemen,Available,True,2024-06-22 22:14:56
2719002,02,812228,Geld storten en opnemen,Available,True,2024-06-22 22:14:56
2721001,01,920815,Geldautomaat,Available,False,2024-06-22 22:14:57
2722001,01,812978,Geld storten en opnemen,Available,True,2024-06-22 22:14:57
2724001,01,913699,Geldautomaat,Available,False,2024-06-22 22:14:58
2724001,02,930127,Geldautomaat,Available,False,2024-06-22 22:14:58
2725001,01,811232,Geld storten en opnemen,Available,True,2024-06-22 22:14:59
2725002,01,912839,Geldautomaat,Available,False,2024-06-22 22:14:59
2727001,01,913077,Geldautomaat,Available,False,2024-06-22 22:14:59
2728001,01,910889,Geldautomaat,Available,False,2024-06-22 22:15:00
2741001,01,912497,Geldautomaat,Available,False,2024-06-22 22:15:00
2741002,01,910877,Geldautomaat,Available,False,2024-06-22 22:15:01
2743001,01,920150,Geldautomaat,Available,False,2024-06-22 22:15:01
2751001,01,920107,Geldautomaat,Available,False,2024-06-22 22:15:01
2761001,01,812346,Geld storten en opnemen,Unavailable,False,2024-06-22 22:15:02
2771001,01,810015,Geld storten en opnemen,Available,True,2024-06-22 22:15:02
2771002,01,911385,Geldautomaat,Available,False,2024-06-22 22:15:03
2801001,01,611498,Sealbag-automaat,Available,False,2024-06-22 22:15:03
2801001,02,813111,Geld storten en opnemen,Available,True,2024-06-22 22:15:03
2801002,01,912288,Geldautomaat,Available,False,2024-06-22 22:15:03
2801004,01,611101,Sealbag-automaat,Available,False,2024-06-22 22:15:04
2801004,02,811927,Geld storten en opnemen,Available,True,2024-06-22 22:15:04
2801006,01,811518,Geld storten en opnemen,Available,True,2024-06-22 22:15:04
2802001,01,910878,Geldautomaat,Available,False,2024-06-22 22:15:05
2804001,01,913914,Geldautomaat,Available,False,2024-06-22 22:15:05
2804002,01,912159,Geldautomaat,Available,False,2024-06-22 22:15:05
2804005,01,812075,Geld storten en opnemen,Available,True,2024-06-22 22:15:06
2804006,01,811704,Geld storten en opnemen,Available,True,2024-06-22 22:15:06
2807001,01,910868,Geldautomaat,Available,False,2024-06-22 22:15:07
2807003,01,812123,Geld storten en opnemen,Available,True,2024-06-22 22:15:07
2809001,01,912893,Geldautomaat,Available,False,2024-06-22 22:15:07
2811001,01,910853,Geldautomaat,Available,False,2024-06-22 22:15:08
2821001,01,920022,Geldautomaat,Available,False,2024-06-22 22:15:08
2831001,01,920231,Geldautomaat,Available,False,2024-06-22 22:15:09
2841001,01,910766,Geldautomaat,Available,False,2024-06-22 22:15:09
2841002,01,910767,Geldautomaat,Available,False,2024-06-22 22:15:09
2851001,01,610118,Sealbag-automaat,Available,False,2024-06-22 22:15:10
2851001,02,920372,Geldautomaat,Available,False,2024-06-22 22:15:10
2861001,01,920379,Geldautomaat,Available,False,2024-06-22 22:15:10
2861001,02,811490,Geld storten en opnemen,Available,True,2024-06-22 22:15:10
2861001,03,610354,Sealbag-automaat,Available,False,2024-06-22 22:15:10
2871002,01,911786,Geldautomaat,Available,False,2024-06-22 22:15:11
2871003,01,911787,Geldautomaat,Available,False,2024-06-22 22:15:11
2871004,01,920149,Geldautomaat,Available,False,2024-06-22 22:15:11
2871005,01,812229,Geld storten en opnemen,Available,True,2024-06-22 22:15:12
2901001,01,920544,Geldautomaat,Available,False,2024-06-22 22:15:12
2902001,01,910822,Geldautomaat,Available,False,2024-06-22 22:15:13
2903001,01,912225,Geldautomaat,Available,False,2024-06-22 22:15:13
2903004,01,611093,Sealbag-automaat,Available,False,2024-06-22 22:15:13
2903004,02,920367,Geldautomaat,Available,False,2024-06-22 22:15:13
2903007,01,812144,Geld storten en opnemen,Available,True,2024-06-22 22:15:14
2903007,02,810459,Geld storten en opnemen,Available,True,2024-06-22 22:15:14
2903008,01,810458,Geld storten en opnemen,Available,True,2024-06-22 22:15:14
2903010,01,920620,Geldautomaat,Available,False,2024-06-22 22:15:15
2903010,02,813014,Geld storten en opnemen,Available,True,2024-06-22 22:15:15
2904001,01,914128,Geldautomaat,Unavailable,False,2024-06-22 22:15:15
2904002,01,910782,Geldautomaat,Available,False,2024-06-22 22:15:15
2904003,01,812614,Geld storten en opnemen,Available,True,2024-06-22 22:15:16
2907001,01,811236,Geld storten en opnemen,Available,True,2024-06-22 22:15:16
2907002,01,912745,Geldautomaat,Available,False,2024-06-22 22:15:17
2914001,01,810197,Geld storten en opnemen,Unavailable,True,2024-06-22 22:15:17
2914001,02,610146,Sealbag-automaat,Available,False,2024-06-22 22:15:17
2914002,01,911722,Geldautomaat,Unavailable,False,2024-06-22 22:15:17
2922001,01,912364,Geldautomaat,Available,False,2024-06-22 22:15:18
2922002,01,811648,Geld storten en opnemen,Unavailable,False,2024-06-22 22:15:18
2922002,02,611020,Sealbag-automaat,Available,False,2024-06-22 22:15:18
2922006,01,812545,Geld storten en opnemen,Available,False,2024-06-22 22:15:19
2924001,01,920481,Geldautomaat,Available,False,2024-06-22 22:15:19
2931001,01,910762,Geldautomaat,Available,False,2024-06-22 22:15:19
2931002,01,910763,Geldautomaat,Available,False,2024-06-22 22:15:20
2935001,01,910769,Geldautomaat,Available,False,2024-06-22 22:15:20
2941001,01,911696,Geldautomaat,Available,False,2024-06-22 22:15:21
2941002,01,610131,Sealbag-automaat,Available,False,2024-06-22 22:15:21
2941003,01,920023,Geldautomaat,Available,False,2024-06-22 22:15:22
2951001,01,810116,Geld storten en opnemen,Available,True,2024-06-22 22:15:22
2951001,02,610050,Sealbag-automaat,Unavailable,False,2024-06-22 22:15:22
2951002,01,911510,Geldautomaat,Available,False,2024-06-22 22:15:22
2951004,01,811058,Geld storten en opnemen,Available,True,2024-06-22 22:15:23
2957001,01,812466,Geld storten en opnemen,Available,True,2024-06-22 22:15:23
2957001,02,610276,Sealbag-automaat,Available,False,2024-06-22 22:15:23
2959001,01,910774,Geldautomaat,Available,False,2024-06-22 22:15:24
2964001,01,911664,Geldautomaat,Available,False,2024-06-22 22:15:24
2964001,02,610117,Sealbag-automaat,Available,False,2024-06-22 22:15:24
2965001,01,920100,Geldautomaat,Available,False,2024-06-22 22:15:24
2973001,01,920570,Geldautomaat,Available,False,2024-06-22 22:15:25
2973001,02,610143,Sealbag-automaat,Available,False,2024-06-22 22:15:25
2981001,01,610467,Sealbag-automaat,Available,False,2024-06-22 22:15:25
2981001,02,810583,Geld storten en opnemen,Available,True,2024-06-22 22:15:25
2981002,01,912427,Geldautomaat,Available,False,2024-06-22 22:15:26
2981006,01,810589,Geld storten en opnemen,Available,True,2024-06-22 22:15:26
2981007,01,810590,Geld storten en opnemen,Available,True,2024-06-22 22:15:27
2983001,01,910787,Geldautomaat,Available,False,2024-06-22 22:15:27
2983002,01,910788,Geldautomaat,Available,False,2024-06-22 22:15:27
2986001,01,910054,Geldautomaat,Available,False,2024-06-22 22:15:28
2987001,01,811054,Geld storten en opnemen,Available,True,2024-06-22 22:15:28
2987002,01,912660,Geldautomaat,Available,False,2024-06-22 22:15:29
2987003,01,920506,Geldautomaat,Available,False,2024-06-22 22:15:29
2991001,01,911572,Geldautomaat,Available,False,2024-06-22 22:15:29
2991006,01,811489,Geld storten en opnemen,Available,True,2024-06-22 22:15:30
2991007,01,810408,Geld storten en opnemen,Available,True,2024-06-22 22:15:30
2993001,01,911444,Geldautomaat,Available,False,2024-06-22 22:15:31
2993003,01,811325,Geld storten en opnemen,Available,True,2024-06-22 22:15:31
2995001,01,920084,Geldautomaat,Available,False,2024-06-22 22:15:32
3011001,01,910342,Geldautomaat,Available,False,2024-06-22 22:15:32
3011002,01,913962,Geldautomaat,Available,False,2024-06-22 22:15:32
3011002,02,811295,Geld storten en opnemen,Available,True,2024-06-22 22:15:32
3011004,01,930099,Geldautomaat,Available,False,2024-06-22 22:15:33
3011005,01,610263,Sealbag-automaat,Available,False,2024-06-22 22:15:33
3011005,02,911941,Geldautomaat,Available,False,2024-06-22 22:15:33
3011007,01,910369,Geldautomaat,Available,False,2024-06-22 22:15:34
3012001,01,810075,Geld storten en opnemen,Available,True,2024-06-22 22:15:34
3012001,02,810932,Geld storten en opnemen,Available,True,2024-06-22 22:15:34
3012002,01,913913,Geldautomaat,Available,False,2024-06-22 22:15:34
3012003,01,911441,Geldautomaat,Available,False,2024-06-22 22:15:35
3012006,01,910366,Geldautomaat,Available,False,2024-06-22 22:15:35
3012012,01,920483,Geldautomaat,Available,False,2024-06-22 22:15:35
3012012,02,611325,Sealbag-automaat,Available,False,2024-06-22 22:15:35
3012012,03,812495,Geld storten en opnemen,Available,True,2024-06-22 22:15:35
3012012,04,812494,Geld storten en opnemen,Available,True,2024-06-22 22:15:35
3012014,01,812497,Geld storten en opnemen,Available,True,2024-06-22 22:15:36
3012014,02,812500,Geld storten en opnemen,Available,True,2024-06-22 22:15:36
3012014,03,812496,Geld storten en opnemen,Available,True,2024-06-22 22:15:36
3012014,04,812498,Geld storten en opnemen,Available,True,2024-06-22 22:15:36
3012014,05,812499,Geld storten en opnemen,Available,True,2024-06-22 22:15:36
3013001,01,914150,Geldautomaat,Available,False,2024-06-22 22:15:36
3013001,02,610310,Sealbag-automaat,Available,False,2024-06-22 22:15:36
3013001,03,914149,Geldautomaat,Available,False,2024-06-22 22:15:36
3013002,01,812061,Geld storten en opnemen,Available,True,2024-06-22 22:15:37
3014001,01,913817,Geldautomaat,Available,False,2024-06-22 22:15:37
3014001,02,913818,Geldautomaat,Unavailable,False,2024-06-22 22:15:37
3014004,01,812812,Geld storten en opnemen,Available,True,2024-06-22 22:15:38
3015002,01,930007,Geldautomaat,Available,False,2024-06-22 22:15:38
3021001,01,811860,Geld storten en opnemen,Available,True,2024-06-22 22:15:39
3021001,02,914144,Geldautomaat,Unavailable,False,2024-06-22 22:15:39
3021002,01,910357,Geldautomaat,Available,False,2024-06-22 22:15:39
3022001,01,811823,Geld storten en opnemen,Unavailable,False,2024-06-22 22:15:40
3022001,02,914160,Geldautomaat,Available,False,2024-06-22 22:15:40
3022002,01,912046,Geldautomaat,Available,False,2024-06-22 22:15:40
3022003,01,811466,Geld storten en opnemen,Available,False,2024-06-22 22:15:40
3023001,01,811636,Geld storten en opnemen,Available,True,2024-06-22 22:15:41
3023001,02,810355,Geld storten en opnemen,Available,True,2024-06-22 22:15:41
3023001,03,610308,Sealbag-automaat,Available,False,2024-06-22 22:15:41
3024001,01,910363,Geldautomaat,Available,False,2024-06-22 22:15:41
3026001,01,810034,Geld storten en opnemen,Unavailable,True,2024-06-22 22:15:42
3026001,02,810033,Geld storten en opnemen,Unavailable,False,2024-06-22 22:15:42
3026002,01,812337,Geld storten en opnemen,Available,True,2024-06-22 22:15:42
3029001,01,910325,Geldautomaat,Available,False,2024-06-22 22:15:42
3031001,01,930137,Geldautomaat,Available,False,2024-06-22 22:15:43
3034001,01,811852,Geld storten en opnemen,Available,True,2024-06-22 22:15:43
3034001,02,914721,Geldautomaat,Available,False,2024-06-22 22:15:43
3035001,01,914664,Geldautomaat,Available,False,2024-06-22 22:15:44
3035001,02,812460,Geld storten en opnemen,Available,True,2024-06-22 22:15:44
3035003,01,812135,Geld storten en opnemen,Available,False,2024-06-22 22:15:44
3035004,01,812775,Geld storten en opnemen,Available,True,2024-06-22 22:15:44
3035004,02,812776,Geld storten en opnemen,Unavailable,True,2024-06-22 22:15:44
3035004,03,812778,Geld storten en opnemen,Available,True,2024-06-22 22:15:44
3035004,04,812777,Geld storten en opnemen,Available,True,2024-06-22 22:15:44
3035005,01,812779,Geld storten en opnemen,Available,True,2024-06-22 22:15:45
3035005,02,812780,Geld storten en opnemen,Available,True,2024-06-22 22:15:45
3035005,03,920222,Geldautomaat,Available,False,2024-06-22 22:15:45
3035005,04,611428,Sealbag-automaat,Available,False,2024-06-22 22:15:45
3036001,01,910457,Geldautomaat,Available,False,2024-06-22 22:15:45
3037001,01,910423,Geldautomaat,Available,False,2024-06-22 22:15:45
3037002,01,812276,Geld storten en opnemen,Available,True,2024-06-22 22:15:46
3037004,01,811460,Geld storten en opnemen,Available,True,2024-06-22 22:15:46
3038001,01,811861,Geld storten en opnemen,Available,True,2024-06-22 22:15:47
3038004,01,812693,Geld storten en opnemen,Available,True,2024-06-22 22:15:47
3039001,01,910226,Geldautomaat,Available,False,2024-06-22 22:15:48
3042002,01,920669,Geldautomaat,Available,False,2024-06-22 22:15:48
3042004,01,811478,Geld storten en opnemen,Available,True,2024-06-22 22:15:48
3051001,01,910252,Geldautomaat,Available,False,2024-06-22 22:15:49
3053001,01,811459,Geld storten en opnemen,Available,True,2024-06-22 22:15:49
3053002,01,912798,Geldautomaat,Available,False,2024-06-22 22:15:50
3054001,01,912157,Geldautomaat,Available,False,2024-06-22 22:15:50
3054006,01,812503,Geld storten en opnemen,Available,True,2024-06-22 22:15:50
3055001,01,920992,Geldautomaat,Available,False,2024-06-22 22:15:51
3059001,01,912661,Geldautomaat,Available,False,2024-06-22 22:15:51
3059002,01,811055,Geld storten en opnemen,Available,True,2024-06-22 22:15:51
3061001,01,914735,Geldautomaat,Available,False,2024-06-22 22:15:52
3061001,02,810323,Geld storten en opnemen,Available,True,2024-06-22 22:15:52
3061003,01,912607,Geldautomaat,Available,False,2024-06-22 22:15:52
3061004,01,930113,Geldautomaat,Available,False,2024-06-22 22:15:53
3061005,01,911959,Geldautomaat,Available,False,2024-06-22 22:15:53
3061011,01,812689,Geld storten en opnemen,Available,True,2024-06-22 22:15:54
3063001,01,810045,Geld storten en opnemen,Available,True,2024-06-22 22:15:54
3065001,01,810709,Geld storten en opnemen,Available,True,2024-06-22 22:15:54
3065001,02,610546,Sealbag-automaat,Available,False,2024-06-22 22:15:54
3065002,01,912602,Geldautomaat,Available,False,2024-06-22 22:15:55
3065003,01,811272,Geld storten en opnemen,Available,True,2024-06-22 22:15:55
3067001,01,920820,Geldautomaat,Available,False,2024-06-22 22:15:56
3067002,01,930150,Geldautomaat,Available,False,2024-06-22 22:15:56
3067003,01,811870,Geld storten en opnemen,Available,True,2024-06-22 22:15:56
3067003,02,914016,Geldautomaat,Available,False,2024-06-22 22:15:56
3067004,01,810348,Geld storten en opnemen,Available,True,2024-06-22 22:15:57
3067004,02,914584,Geldautomaat,Available,False,2024-06-22 22:15:57
3067004,03,610302,Sealbag-automaat,Available,False,2024-06-22 22:15:57
3067005,01,912032,Geldautomaat,Available,False,2024-06-22 22:15:57
3067007,01,811897,Geld storten en opnemen,Available,True,2024-06-22 22:15:57
3068001,01,810046,Geld storten en opnemen,Available,True,2024-06-22 22:15:58
3068002,01,921020,Geldautomaat,Available,False,2024-06-22 22:15:58
3068005,01,920281,Geldautomaat,Available,False,2024-06-22 22:15:59
3068005,02,812388,Geld storten en opnemen,Available,True,2024-06-22 22:15:59
3069001,01,911405,Geldautomaat,Available,False,2024-06-22 22:15:59
3069002,01,913694,Geldautomaat,Available,False,2024-06-22 22:16:00
3071001,01,914148,Geldautomaat,Available,False,2024-06-22 22:16:00
3071002,01,920273,Geldautomaat,Available,False,2024-06-22 22:16:00
3071003,01,912824,Geldautomaat,Available,False,2024-06-22 22:16:01
3071004,01,912825,Geldautomaat,Available,False,2024-06-22 22:16:01
3071005,01,812369,Geld storten en opnemen,Available,True,2024-06-22 22:16:02
3072001,01,810070,Geld storten en opnemen,Available,True,2024-06-22 22:16:02
3072001,02,914146,Geldautomaat,Available,False,2024-06-22 22:16:02
3073001,01,914656,Geldautomaat,Available,False,2024-06-22 22:16:02
3073001,02,914657,Geldautomaat,Available,False,2024-06-22 22:16:02
3074001,01,811842,Geld storten en opnemen,Available,True,2024-06-22 22:16:03
3074001,02,810986,Geld storten en opnemen,Available,True,2024-06-22 22:16:03
3074002,01,911552,Geldautomaat,Available,False,2024-06-22 22:16:03
3076002,01,812136,Geld storten en opnemen,Available,True,2024-06-22 22:16:04
3076003,01,811042,Geld storten en opnemen,Available,True,2024-06-22 22:16:05
3076004,01,812896,Geld storten en opnemen,Available,True,2024-06-22 22:16:05
3077001,01,920344,Geldautomaat,Available,False,2024-06-22 22:16:05
3078002,01,912598,Geldautomaat,Available,False,2024-06-22 22:16:06
3078005,01,812020,Geld storten en opnemen,Available,True,2024-06-22 22:16:07
3078005,02,812124,Geld storten en opnemen,Available,True,2024-06-22 22:16:07
3078006,01,812919,Geld storten en opnemen,Unavailable,True,2024-06-22 22:16:07
3078007,01,812979,Geld storten en opnemen,Available,True,2024-06-22 22:16:08
3079001,01,920862,Geldautomaat,Available,False,2024-06-22 22:16:08
3082001,01,930063,Geldautomaat,Available,False,2024-06-22 22:16:08
3082002,01,912838,Geldautomaat,Available,False,2024-06-22 22:16:09
3082002,02,912837,Geldautomaat,Available,False,2024-06-22 22:16:09
3082003,01,812003,Geld storten en opnemen,Available,True,2024-06-22 22:16:09
3082004,01,812725,Geld storten en opnemen,Available,True,2024-06-22 22:16:10
3083001,01,920743,Geldautomaat,Available,False,2024-06-22 22:16:10
3083001,02,812378,Geld storten en opnemen,Available,True,2024-06-22 22:16:10
3083003,01,610558,Sealbag-automaat,Available,False,2024-06-22 22:16:10
3083003,02,812283,Geld storten en opnemen,Available,True,2024-06-22 22:16:10
3083004,01,912633,Geldautomaat,Available,False,2024-06-22 22:16:11
3083005,01,912635,Geldautomaat,Available,False,2024-06-22 22:16:11
3083005,02,912634,Geldautomaat,Available,False,2024-06-22 22:16:11
3085001,01,913901,Geldautomaat,Available,False,2024-06-22 22:16:12
3085002,01,912830,Geldautomaat,Available,False,2024-06-22 22:16:12
3085003,01,811315,Geld storten en opnemen,Available,True,2024-06-22 22:16:12
3085005,01,912831,Geldautomaat,Available,False,2024-06-22 22:16:13
3085005,02,912832,Geldautomaat,Available,False,2024-06-22 22:16:13
3086001,01,912608,Geldautomaat,Available,False,2024-06-22 22:16:13
3086004,01,810728,Geld storten en opnemen,Available,True,2024-06-22 22:16:14
3086005,01,611336,Sealbag-automaat,Available,False,2024-06-22 22:16:14
3086005,02,920247,Geldautomaat,Available,False,2024-06-22 22:16:14
3111001,01,912433,Geldautomaat,Available,False,2024-06-22 22:16:14
3111003,01,912451,Geldautomaat,Available,False,2024-06-22 22:16:15
3111007,01,811573,Geld storten en opnemen,Available,True,2024-06-22 22:16:16
3114002,01,910527,Geldautomaat,Available,False,2024-06-22 22:16:16
3117001,01,914666,Geldautomaat,Available,False,2024-06-22 22:16:16
3119001,01,920906,Geldautomaat,Available,False,2024-06-22 22:16:17
3119001,02,920902,Geldautomaat,Available,False,2024-06-22 22:16:17
3119004,01,812594,Geld storten en opnemen,Available,True,2024-06-22 22:16:18
3121001,01,912577,Geldautomaat,Available,False,2024-06-22 22:16:18
3123002,01,812051,Geld storten en opnemen,Available,True,2024-06-22 22:16:18
3131001,01,914871,Geldautomaat,Available,False,2024-06-22 22:16:19
3131001,02,914872,Geldautomaat,Available,False,2024-06-22 22:16:19
3131002,01,914849,Geldautomaat,Available,False,2024-06-22 22:16:19
3131002,02,912488,Geldautomaat,Available,False,2024-06-22 22:16:19
3131003,01,912489,Geldautomaat,Available,False,2024-06-22 22:16:20
3131007,01,811590,Geld storten en opnemen,Available,True,2024-06-22 22:16:20
3132001,01,910557,Geldautomaat,Available,False,2024-06-22 22:16:21
3132002,01,920285,Geldautomaat,Available,False,2024-06-22 22:16:21
3135002,01,920345,Geldautomaat,Available,False,2024-06-22 22:16:22
3136001,01,810288,Geld storten en opnemen,Unavailable,False,2024-06-22 22:16:22
3136001,02,913945,Geldautomaat,Available,False,2024-06-22 22:16:22
3136002,01,913089,Geldautomaat,Available,False,2024-06-22 22:16:22
3137001,01,911882,Geldautomaat,Unavailable,False,2024-06-22 22:16:23
3137002,01,812584,Geld storten en opnemen,Available,True,2024-06-22 22:16:23
3141001,01,910516,Geldautomaat,Available,False,2024-06-22 22:16:24
3141002,01,810068,Geld storten en opnemen,Available,True,2024-06-22 22:16:24
3141003,01,911425,Geldautomaat,Available,False,2024-06-22 22:16:24
3142001,01,910517,Geldautomaat,Available,False,2024-06-22 22:16:25
3144001,01,912600,Geldautomaat,Available,False,2024-06-22 22:16:25
3144004,01,812125,Geld storten en opnemen,Unavailable,False,2024-06-22 22:16:25
3151001,01,913936,Geldautomaat,Available,False,2024-06-22 22:16:26
3151002,01,911685,Geldautomaat,Available,False,2024-06-22 22:16:26
3151003,01,810181,Geld storten en opnemen,Unavailable,False,2024-06-22 22:16:27
3155001,01,910541,Geldautomaat,Available,False,2024-06-22 22:16:27
3161002,01,930115,Geldautomaat,Available,False,2024-06-22 22:16:28
3161004,01,811875,Geld storten en opnemen,Available,True,2024-06-22 22:16:28
3162001,01,911269,Geldautomaat,Available,False,2024-06-22 22:16:29
3162002,01,911270,Geldautomaat,Available,False,2024-06-22 22:16:29
3171001,01,910104,Geldautomaat,Available,False,2024-06-22 22:16:30
3181001,01,812223,Geld storten en opnemen,Available,True,2024-06-22 22:16:30
3181002,01,911767,Geldautomaat,Available,False,2024-06-22 22:16:30
3181003,01,610170,Sealbag-automaat,Available,False,2024-06-22 22:16:31
3181003,02,911768,Geldautomaat,Available,False,2024-06-22 22:16:31
3181005,01,812577,Geld storten en opnemen,Available,True,2024-06-22 22:16:31
3191001,01,611505,Sealbag-automaat,Available,False,2024-06-22 22:16:32
3191001,02,810377,Geld storten en opnemen,Available,True,2024-06-22 22:16:32
3191001,03,810376,Geld storten en opnemen,Available,True,2024-06-22 22:16:32
3191002,01,912115,Geldautomaat,Available,False,2024-06-22 22:16:32
3191005,01,811537,Geld storten en opnemen,Available,True,2024-06-22 22:16:33
3192002,01,914876,Geldautomaat,Available,False,2024-06-22 22:16:34
3195001,01,920306,Geldautomaat,Available,False,2024-06-22 22:16:34
3195001,02,610284,Sealbag-automaat,Available,False,2024-06-22 22:16:34
3201001,01,811661,Geld storten en opnemen,Available,True,2024-06-22 22:16:34
3201001,02,611299,Sealbag-automaat,Available,False,2024-06-22 22:16:34
3201002,01,911804,Geldautomaat,Available,False,2024-06-22 22:16:35
3201004,01,911806,Geldautomaat,Available,False,2024-06-22 22:16:36
3201008,01,811576,Geld storten en opnemen,Available,True,2024-06-22 22:16:36
3202001,01,911285,Geldautomaat,Available,False,2024-06-22 22:16:36
3204001,01,911283,Geldautomaat,Available,False,2024-06-22 22:16:37
3205001,01,920538,Geldautomaat,Available,False,2024-06-22 22:16:37
3206002,01,911472,Geldautomaat,Available,False,2024-06-22 22:16:38
3207001,01,920275,Geldautomaat,Available,False,2024-06-22 22:16:38
3214001,01,810052,Geld storten en opnemen,Available,True,2024-06-22 22:16:39
3221001,01,911266,Geldautomaat,Available,False,2024-06-22 22:16:40
3221003,01,812586,Geld storten en opnemen,Available,True,2024-06-22 22:16:40
3223001,01,921022,Geldautomaat,Available,False,2024-06-22 22:16:41
3224002,01,921324,Geldautomaat,Available,False,2024-06-22 22:16:42
3224003,01,810512,Geld storten en opnemen,Available,True,2024-06-22 22:16:42
3224003,02,610404,Sealbag-automaat,Available,False,2024-06-22 22:16:42
3224003,03,912317,Geldautomaat,Available,False,2024-06-22 22:16:42
3224005,01,811134,Geld storten en opnemen,Available,True,2024-06-22 22:16:42
3225001,01,920541,Geldautomaat,Available,False,2024-06-22 22:16:43
3227001,01,920698,Geldautomaat,Available,False,2024-06-22 22:16:43
3231002,01,911596,Geldautomaat,Available,False,2024-06-22 22:16:44
3231003,01,813205,Geld storten en opnemen,Available,True,2024-06-22 22:16:44
3232001,01,920326,Geldautomaat,Available,False,2024-06-22 22:16:45
3232003,01,812633,Geld storten en opnemen,Available,True,2024-06-22 22:16:45
3233001,01,810215,Geld storten en opnemen,Available,True,2024-06-22 22:16:46
3233002,01,911750,Geldautomaat,Available,False,2024-06-22 22:16:46
3235001,01,911763,Geldautomaat,Available,False,2024-06-22 22:16:46
3235003,01,812015,Geld storten en opnemen,Available,True,2024-06-22 22:16:47
3241002,01,912390,Geldautomaat,Available,False,2024-06-22 22:16:47
3241004,01,811146,Geld storten en opnemen,Available,True,2024-06-22 22:16:48
3243001,01,920139,Geldautomaat,Available,False,2024-06-22 22:16:48
3244001,01,920143,Geldautomaat,Available,False,2024-06-22 22:16:48
3245001,01,911281,Geldautomaat,Available,False,2024-06-22 22:16:49
3247001,01,920594,Geldautomaat,Available,False,2024-06-22 22:16:49
3247001,02,610239,Sealbag-automaat,Available,False,2024-06-22 22:16:49
3248001,01,920595,Geldautomaat,Available,False,2024-06-22 22:16:50
3249001,01,920144,Geldautomaat,Available,False,2024-06-22 22:16:50
3251002,01,920079,Geldautomaat,Unavailable,False,2024-06-22 22:16:50
3253001,01,611015,Sealbag-automaat,Available,False,2024-06-22 22:16:51
3253002,01,911752,Geldautomaat,Available,False,2024-06-22 22:16:51
3253003,01,811732,Geld storten en opnemen,Available,True,2024-06-22 22:16:52
3255001,01,911753,Geldautomaat,Available,False,2024-06-22 22:16:52
3255002,01,810219,Geld storten en opnemen,Unavailable,False,2024-06-22 22:16:52
3257001,01,920718,Geldautomaat,Available,False,2024-06-22 22:16:53
3258001,01,920392,Geldautomaat,Available,False,2024-06-22 22:16:53
3262001,01,811736,Geld storten en opnemen,Available,True,2024-06-22 22:16:54
3262001,02,611235,Sealbag-automaat,Available,False,2024-06-22 22:16:54
3262002,01,930087,Geldautomaat,Available,False,2024-06-22 22:16:54
3262004,01,812987,Geld storten en opnemen,Available,True,2024-06-22 22:16:55
3262005,01,811561,Geld storten en opnemen,Available,True,2024-06-22 22:16:55
3264001,01,920972,Geldautomaat,Available,False,2024-06-22 22:16:55
3271001,01,920922,Geldautomaat,Available,False,2024-06-22 22:16:56
3274002,01,813093,Geld storten en opnemen,Available,True,2024-06-22 22:16:56
3281001,01,921267,Geldautomaat,Available,False,2024-06-22 22:16:57
3281002,01,810204,Geld storten en opnemen,Available,True,2024-06-22 22:16:57
3281002,02,610152,Sealbag-automaat,Available,False,2024-06-22 22:16:57
3284001,01,930145,Geldautomaat,Available,False,2024-06-22 22:16:58
3291001,01,911817,Geldautomaat,Available,False,2024-06-22 22:16:58
3291002,01,610193,Sealbag-automaat,Available,False,2024-06-22 22:16:58
3291002,02,920975,Geldautomaat,Available,False,2024-06-22 22:16:58
3295002,01,810233,Geld storten en opnemen,Available,True,2024-06-22 22:16:59
3297001,01,910240,Geldautomaat,Available,False,2024-06-22 22:16:59
3297002,01,920431,Geldautomaat,Available,False,2024-06-22 22:17:00
3297002,02,611493,Sealbag-automaat,Available,False,2024-06-22 22:17:00
3311002,01,921380,Geldautomaat,Available,False,2024-06-22 22:17:01
3311003,01,911619,Geldautomaat,Available,False,2024-06-22 22:17:01
3311005,01,913277,Geldautomaat,Available,False,2024-06-22 22:17:01
3311009,01,812064,Geld storten en opnemen,Available,True,2024-06-22 22:17:02
3312001,01,920663,Geldautomaat,Available,False,2024-06-22 22:17:03
3314001,01,920447,Geldautomaat,Available,False,2024-06-22 22:17:03
3315002,01,910323,Geldautomaat,Available,False,2024-06-22 22:17:03
3315003,01,910324,Geldautomaat,Available,False,2024-06-22 22:17:04
3315004,01,920685,Geldautomaat,Available,False,2024-06-22 22:17:04
3317001,01,812665,Geld storten en opnemen,Available,True,2024-06-22 22:17:05
3317003,01,920211,Geldautomaat,Available,False,2024-06-22 22:17:05
3317007,01,812413,Geld storten en opnemen,Available,True,2024-06-22 22:17:05
3317008,01,812677,Geld storten en opnemen,Available,True,2024-06-22 22:17:06
3318001,01,810020,Geld storten en opnemen,Available,True,2024-06-22 22:17:06
3318001,02,914706,Geldautomaat,Available,False,2024-06-22 22:17:06
3318002,01,920063,Geldautomaat,Available,False,2024-06-22 22:17:07
3318002,02,920056,Geldautomaat,Available,False,2024-06-22 22:17:07
3319001,01,813006,Geld storten en opnemen,Available,True,2024-06-22 22:17:07
3319002,01,610236,Sealbag-automaat,Available,False,2024-06-22 22:17:07
3319002,02,920350,Geldautomaat,Available,False,2024-06-22 22:17:07
3331001,01,910326,Geldautomaat,Available,False,2024-06-22 22:17:08
3332003,01,912544,Geldautomaat,Available,False,2024-06-22 22:17:09
3332006,01,610711,Sealbag-automaat,Available,False,2024-06-22 22:17:09
3332006,02,920343,Geldautomaat,Available,False,2024-06-22 22:17:09
3332006,03,811220,Geld storten en opnemen,Unavailable,True,2024-06-22 22:17:09
3332007,01,811634,Geld storten en opnemen,Available,True,2024-06-22 22:17:09
3333001,01,810054,Geld storten en opnemen,Available,True,2024-06-22 22:17:10
3333002,01,911407,Geldautomaat,Available,False,2024-06-22 22:17:10
3335001,01,910260,Geldautomaat,Available,False,2024-06-22 22:17:11
3335002,01,910261,Geldautomaat,Available,False,2024-06-22 22:17:11
3341002,01,812691,Geld storten en opnemen,Available,True,2024-06-22 22:17:11
3342001,01,910359,Geldautomaat,Available,False,2024-06-22 22:17:12
3343001,01,920351,Geldautomaat,Available,False,2024-06-22 22:17:12
3344001,01,914045,Geldautomaat,Available,False,2024-06-22 22:17:13
3344002,01,811628,Geld storten en opnemen,Available,True,2024-06-22 22:17:13
3351001,01,910834,Geldautomaat,Available,False,2024-06-22 22:17:13
3353001,01,914685,Geldautomaat,Available,False,2024-06-22 22:17:14
3353001,02,611154,Sealbag-automaat,Unavailable,False,2024-06-22 22:17:14
3353001,03,812159,Geld storten en opnemen,Available,True,2024-06-22 22:17:14
3353005,01,810585,Geld storten en opnemen,Available,True,2024-06-22 22:17:14
3353006,01,812627,Geld storten en opnemen,Available,True,2024-06-22 22:17:15
3355001,01,910372,Geldautomaat,Available,False,2024-06-22 22:17:15
3355002,01,910373,Geldautomaat,Available,False,2024-06-22 22:17:15
3362001,01,810239,Geld storten en opnemen,Unavailable,False,2024-06-22 22:17:16
3362001,02,914749,Geldautomaat,Available,False,2024-06-22 22:17:16
3362002,01,911797,Geldautomaat,Available,False,2024-06-22 22:17:16
3362004,01,811810,Geld storten en opnemen,Available,True,2024-06-22 22:17:17
3371001,01,911460,Geldautomaat,Available,False,2024-06-22 22:17:17
3371002,01,812392,Geld storten en opnemen,Available,True,2024-06-22 22:17:18
3371002,02,920567,Geldautomaat,Available,False,2024-06-22 22:17:18
3371003,01,812608,Geld storten en opnemen,Available,True,2024-06-22 22:17:18
3372001,01,910753,Geldautomaat,Available,False,2024-06-22 22:17:18
3381001,01,920568,Geldautomaat,Available,False,2024-06-22 22:17:19
3381001,02,610667,Sealbag-automaat,Available,False,2024-06-22 22:17:19
3401001,01,912361,Geldautomaat,Available,False,2024-06-22 22:17:19
3401002,01,920053,Geldautomaat,Available,False,2024-06-22 22:17:20
3401006,01,610948,Sealbag-automaat,Unavailable,False,2024-06-22 22:17:20
3401006,02,811416,Geld storten en opnemen,Unavailable,False,2024-06-22 22:17:20
3401006,03,913584,Geldautomaat,Unavailable,False,2024-06-22 22:17:20
3401008,01,811415,Geld storten en opnemen,Available,True,2024-06-22 22:17:21
3402001,01,920391,Geldautomaat,Available,False,2024-06-22 22:17:21
3404001,01,920087,Geldautomaat,Available,False,2024-06-22 22:17:22
3405001,01,920140,Geldautomaat,Available,False,2024-06-22 22:17:22
3411001,01,811418,Geld storten en opnemen,Available,True,2024-06-22 22:17:22
3411002,01,920387,Geldautomaat,Available,False,2024-06-22 22:17:23
3411002,02,610588,Sealbag-automaat,Available,False,2024-06-22 22:17:23
3417001,01,911716,Geldautomaat,Available,False,2024-06-22 22:17:23
3417003,01,811553,Geld storten en opnemen,Available,True,2024-06-22 22:17:24
3421001,01,811164,Geld storten en opnemen,Available,True,2024-06-22 22:17:24
3421002,01,920985,Geldautomaat,Available,False,2024-06-22 22:17:24
3421002,02,610595,Sealbag-automaat,Available,False,2024-06-22 22:17:24
3431001,01,912405,Geldautomaat,Available,False,2024-06-22 22:17:25
3431003,01,920020,Geldautomaat,Available,False,2024-06-22 22:17:25
3431006,01,611108,Sealbag-automaat,Available,False,2024-06-22 22:17:26
3431006,02,811932,Geld storten en opnemen,Available,True,2024-06-22 22:17:26
3431008,01,812044,Geld storten en opnemen,Available,True,2024-06-22 22:17:26
3431009,01,812224,Geld storten en opnemen,Available,True,2024-06-22 22:17:27
3432001,01,910811,Geldautomaat,Available,False,2024-06-22 22:17:27
3433001,01,920075,Geldautomaat,Available,False,2024-06-22 22:17:28
3434001,01,910799,Geldautomaat,Available,False,2024-06-22 22:17:28
3434002,01,920076,Geldautomaat,Available,False,2024-06-22 22:17:28
3437001,01,910792,Geldautomaat,Available,False,2024-06-22 22:17:29
3437002,01,911980,Geldautomaat,Available,False,2024-06-22 22:17:29
3437003,01,913456,Geldautomaat,Available,False,2024-06-22 22:17:30
3437004,01,811275,Geld storten en opnemen,Available,True,2024-06-22 22:17:30
3441001,01,930107,Geldautomaat,Available,False,2024-06-22 22:17:30
3441002,01,610504,Sealbag-automaat,Available,False,2024-06-22 22:17:31
3441002,02,812861,Geld storten en opnemen,Unavailable,False,2024-06-22 22:17:31
3441005,01,812993,Geld storten en opnemen,Available,True,2024-06-22 22:17:31
3443001,01,920517,Geldautomaat,Available,False,2024-06-22 22:17:32
3446001,01,920766,Geldautomaat,Available,False,2024-06-22 22:17:32
3448001,01,920071,Geldautomaat,Available,False,2024-06-22 22:17:33
3448001,02,920077,Geldautomaat,Available,False,2024-06-22 22:17:33
3451001,01,930130,Geldautomaat,Available,False,2024-06-22 22:17:33
3451002,01,811468,Geld storten en opnemen,Available,True,2024-06-22 22:17:33
3451003,01,811389,Geld storten en opnemen,Available,True,2024-06-22 22:17:34
3452001,01,911840,Geldautomaat,Available,False,2024-06-22 22:17:34
3453001,01,910915,Geldautomaat,Available,False,2024-06-22 22:17:35
3454001,01,810359,Geld storten en opnemen,Unavailable,True,2024-06-22 22:17:35
3454001,02,610325,Sealbag-automaat,Available,False,2024-06-22 22:17:35
3461001,01,920141,Geldautomaat,Available,False,2024-06-22 22:17:36
3471001,01,920096,Geldautomaat,Available,False,2024-06-22 22:17:36
3474001,01,910920,Geldautomaat,Available,False,2024-06-22 22:17:36
3481001,01,811127,Geld storten en opnemen,Available,True,2024-06-22 22:17:37
3481002,01,912687,Geldautomaat,Available,False,2024-06-22 22:17:37
3511003,01,921236,Geldautomaat,Available,False,2024-06-22 22:17:38
3511004,01,910859,Geldautomaat,Available,False,2024-06-22 22:17:38
3511005,01,912463,Geldautomaat,Available,False,2024-06-22 22:17:38
3511007,01,912894,Geldautomaat,Available,False,2024-06-22 22:17:39
3511011,01,913524,Geldautomaat,Available,False,2024-06-22 22:17:39
3511011,02,912475,Geldautomaat,Available,False,2024-06-22 22:17:39
3511011,03,912474,Geldautomaat,Available,False,2024-06-22 22:17:39
3511013,01,913525,Geldautomaat,Available,False,2024-06-22 22:17:40
3511013,02,811194,Geld storten en opnemen,Unavailable,False,2024-06-22 22:17:40
3511014,01,611497,Sealbag-automaat,Available,False,2024-06-22 22:17:40
3511014,02,930003,Geldautomaat,Available,False,2024-06-22 22:17:40
3511014,03,813094,Geld storten en opnemen,Available,True,2024-06-22 22:17:40
3511015,01,813096,Geld storten en opnemen,Available,True,2024-06-22 22:17:40
3511015,02,813097,Geld storten en opnemen,Available,True,2024-06-22 22:17:40
3511015,03,813098,Geld storten en opnemen,Available,True,2024-06-22 22:17:40
3511015,04,813099,Geld storten en opnemen,Available,True,2024-06-22 22:17:40
3511015,05,813095,Geld storten en opnemen,Available,True,2024-06-22 22:17:40
3512001,01,910860,Geldautomaat,Available,False,2024-06-22 22:17:41
3512003,01,913815,Geldautomaat,Available,False,2024-06-22 22:17:41
3512005,01,813032,Geld storten en opnemen,Available,True,2024-06-22 22:17:42
3513001,01,910935,Geldautomaat,Available,False,2024-06-22 22:17:42
3513002,01,910936,Geldautomaat,Available,False,2024-06-22 22:17:42
3514001,01,910917,Geldautomaat,Available,False,2024-06-22 22:17:43
3521001,01,910843,Geldautomaat,Available,False,2024-06-22 22:17:43
3523003,01,811300,Geld storten en opnemen,Available,True,2024-06-22 22:17:44
3524001,01,912778,Geldautomaat,Available,False,2024-06-22 22:17:44
3524002,01,811452,Geld storten en opnemen,Available,True,2024-06-22 22:17:45
3525001,01,910933,Geldautomaat,Unavailable,False,2024-06-22 22:17:45
3527001,01,810314,Geld storten en opnemen,Available,True,2024-06-22 22:17:46
3527001,02,810315,Geld storten en opnemen,Unavailable,False,2024-06-22 22:17:46
3527002,01,911948,Geldautomaat,Available,False,2024-06-22 22:17:46
3527003,01,911949,Geldautomaat,Available,False,2024-06-22 22:17:46
3527005,01,811622,Geld storten en opnemen,Unavailable,False,2024-06-22 22:17:47
3531001,01,911400,Geldautomaat,Available,False,2024-06-22 22:17:47
3531002,01,810039,Geld storten en opnemen,Available,True,2024-06-22 22:17:48
3531002,02,810040,Geld storten en opnemen,Available,True,2024-06-22 22:17:48
3531002,03,911401,Geldautomaat,Available,False,2024-06-22 22:17:48
3533002,01,930136,Geldautomaat,Available,False,2024-06-22 22:17:48
3541003,01,810742,Geld storten en opnemen,Available,True,2024-06-22 22:17:48
3541005,01,812070,Geld storten en opnemen,Available,True,2024-06-22 22:17:49
3541005,02,914261,Geldautomaat,Available,False,2024-06-22 22:17:49
3543001,01,910911,Geldautomaat,Available,False,2024-06-22 22:17:49
3551001,01,912627,Geldautomaat,Available,False,2024-06-22 22:17:50
3551003,01,810731,Geld storten en opnemen,Available,True,2024-06-22 22:17:50
3554001,01,811292,Geld storten en opnemen,Available,True,2024-06-22 22:17:51
3554002,01,912799,Geldautomaat,Available,False,2024-06-22 22:17:51
3554003,01,910912,Geldautomaat,Unavailable,False,2024-06-22 22:17:52
3561001,01,910992,Geldautomaat,Available,False,2024-06-22 22:17:52
3562001,01,811720,Geld storten en opnemen,Available,True,2024-06-22 22:17:53
3562001,02,810341,Geld storten en opnemen,Available,True,2024-06-22 22:17:53
3562002,01,912041,Geldautomaat,Available,False,2024-06-22 22:17:53
3562005,01,811463,Geld storten en opnemen,Available,True,2024-06-22 22:17:54
3562006,01,920509,Geldautomaat,Available,False,2024-06-22 22:17:54
3562006,02,611459,Sealbag-automaat,Available,False,2024-06-22 22:17:54
3562006,03,812945,Geld storten en opnemen,Unavailable,False,2024-06-22 22:17:54
3562007,01,812948,Geld storten en opnemen,Available,True,2024-06-22 22:17:55
3562007,02,812950,Geld storten en opnemen,Available,True,2024-06-22 22:17:55
3562007,03,812949,Geld storten en opnemen,Available,True,2024-06-22 22:17:55
3562007,04,812947,Geld storten en opnemen,Available,True,2024-06-22 22:17:55
3562007,05,812946,Geld storten en opnemen,Available,True,2024-06-22 22:17:55
3563001,01,921044,Geldautomaat,Available,False,2024-06-22 22:17:55
3564001,01,930012,Geldautomaat,Available,False,2024-06-22 22:17:55
3571002,01,910966,Geldautomaat,Available,False,2024-06-22 22:17:56
3572001,01,810722,Geld storten en opnemen,Available,True,2024-06-22 22:17:57
3581001,01,912604,Geldautomaat,Available,False,2024-06-22 22:17:57
3581002,01,930108,Geldautomaat,Available,False,2024-06-22 22:17:57
3584002,01,813243,Geld storten en opnemen,Available,True,2024-06-22 22:17:58
3584003,01,920045,Geldautomaat,Available,False,2024-06-22 22:17:59
3601001,01,921188,Geldautomaat,Available,False,2024-06-22 22:17:59
3601002,01,920259,Geldautomaat,Available,False,2024-06-22 22:17:59
3601002,02,610285,Sealbag-automaat,Available,False,2024-06-22 22:17:59
3603001,01,811670,Geld storten en opnemen,Available,True,2024-06-22 22:18:00
3605003,01,921309,Geldautomaat,Available,False,2024-06-22 22:18:00
3605005,01,811495,Geld storten en opnemen,Available,True,2024-06-22 22:18:01
3605006,01,812750,Geld storten en opnemen,Available,True,2024-06-22 22:18:01
3607001,01,930085,Geldautomaat,Available,False,2024-06-22 22:18:01
3615001,01,920368,Geldautomaat,Available,False,2024-06-22 22:18:02
3621003,01,930135,Geldautomaat,Available,False,2024-06-22 22:18:02
3621004,01,611378,Sealbag-automaat,Available,False,2024-06-22 22:18:03
3621004,02,813050,Geld storten en opnemen,Available,True,2024-06-22 22:18:03
3628001,01,930011,Geldautomaat,Available,False,2024-06-22 22:18:03
3641002,01,912403,Geldautomaat,Available,False,2024-06-22 22:18:03
3641003,01,910990,Geldautomaat,Available,False,2024-06-22 22:18:04
3641007,01,811552,Geld storten en opnemen,Available,True,2024-06-22 22:18:04
3641008,01,611339,Sealbag-automaat,Available,False,2024-06-22 22:18:05
3641008,02,812397,Geld storten en opnemen,Available,True,2024-06-22 22:18:05
3645001,01,811200,Geld storten en opnemen,Available,True,2024-06-22 22:18:05
3645002,01,910982,Geldautomaat,Available,False,2024-06-22 22:18:06
3701001,01,911867,Geldautomaat,Available,False,2024-06-22 22:18:06
3701002,01,812375,Geld storten en opnemen,Unavailable,False,2024-06-22 22:18:06
3701002,02,610226,Sealbag-automaat,Available,False,2024-06-22 22:18:06
3701009,01,813065,Geld storten en opnemen,Available,True,2024-06-22 22:18:07
3704001,01,910964,Geldautomaat,Available,False,2024-06-22 22:18:08
3705002,01,811310,Geld storten en opnemen,Available,True,2024-06-22 22:18:08
3705003,01,921046,Geldautomaat,Available,False,2024-06-22 22:18:08
3706001,01,910985,Geldautomaat,Available,False,2024-06-22 22:18:09
3708001,01,910983,Geldautomaat,Available,False,2024-06-22 22:18:09
3722001,01,912219,Geldautomaat,Unavailable,False,2024-06-22 22:18:10
3722006,01,810451,Geld storten en opnemen,Available,True,2024-06-22 22:18:10
3722007,01,611349,Sealbag-automaat,Available,False,2024-06-22 22:18:10
3722007,02,920694,Geldautomaat,Available,False,2024-06-22 22:18:10
3723001,01,920547,Geldautomaat,Available,False,2024-06-22 22:18:11
3731001,01,810152,Geld storten en opnemen,Available,True,2024-06-22 22:18:11
3731002,01,911608,Geldautomaat,Available,False,2024-06-22 22:18:12
3732001,01,911607,Geldautomaat,Available,False,2024-06-22 22:18:12
3734001,01,910939,Geldautomaat,Available,False,2024-06-22 22:18:12
3738001,01,920220,Geldautomaat,Available,False,2024-06-22 22:18:13
3741001,01,911515,Geldautomaat,Available,False,2024-06-22 22:18:13
3743001,01,810118,Geld storten en opnemen,Available,True,2024-06-22 22:18:14
3743002,01,911516,Geldautomaat,Available,False,2024-06-22 22:18:14
3743004,01,811487,Geld storten en opnemen,Available,True,2024-06-22 22:18:14
3751005,01,811091,Geld storten en opnemen,Available,True,2024-06-22 22:18:15
3752001,01,911026,Geldautomaat,Available,False,2024-06-22 22:18:15
3752002,01,911027,Geldautomaat,Available,False,2024-06-22 22:18:16
3752003,01,810969,Geld storten en opnemen,Available,True,2024-06-22 22:18:16
3752003,02,610889,Sealbag-automaat,Available,False,2024-06-22 22:18:16
3752005,01,811783,Geld storten en opnemen,Available,True,2024-06-22 22:18:16
3755002,01,811545,Geld storten en opnemen,Available,True,2024-06-22 22:18:17
3761002,01,911799,Geldautomaat,Available,False,2024-06-22 22:18:17
3761006,01,811660,Geld storten en opnemen,Available,True,2024-06-22 22:18:18
3761008,01,611322,Sealbag-automaat,Available,False,2024-06-22 22:18:18
3761008,02,920412,Geldautomaat,Available,False,2024-06-22 22:18:18
3762001,01,920046,Geldautomaat,Available,False,2024-06-22 22:18:18
3765001,01,911086,Geldautomaat,Available,False,2024-06-22 22:18:19
3766001,01,911078,Geldautomaat,Available,False,2024-06-22 22:18:19
3766002,01,910002,Geldautomaat,Available,False,2024-06-22 22:18:20
3766003,01,812718,Geld storten en opnemen,Available,True,2024-06-22 22:18:20
3768004,01,812662,Geld storten en opnemen,Available,True,2024-06-22 22:18:21
3769002,01,813083,Geld storten en opnemen,Available,True,2024-06-22 22:18:22
3771001,01,912199,Geldautomaat,Available,False,2024-06-22 22:18:22
3771004,01,810438,Geld storten en opnemen,Available,True,2024-06-22 22:18:22
3771005,01,812084,Geld storten en opnemen,Available,True,2024-06-22 22:18:23
3772002,01,611391,Sealbag-automaat,Available,False,2024-06-22 22:18:23
3772002,02,812476,Geld storten en opnemen,Available,True,2024-06-22 22:18:23
3774002,01,813079,Geld storten en opnemen,Available,True,2024-06-22 22:18:24
3781002,01,811430,Geld storten en opnemen,Available,True,2024-06-22 22:18:24
3781003,01,912727,Geldautomaat,Available,False,2024-06-22 22:18:25
3785002,01,812515,Geld storten en opnemen,Available,True,2024-06-22 22:18:25
3791001,01,920215,Geldautomaat,Available,False,2024-06-22 22:18:25
3811002,01,912196,Geldautomaat,Available,False,2024-06-22 22:18:26
3811002,02,812848,Geld storten en opnemen,Available,True,2024-06-22 22:18:26
3811007,01,611451,Sealbag-automaat,Available,False,2024-06-22 22:18:26
3811007,02,812898,Geld storten en opnemen,Available,True,2024-06-22 22:18:26
3811007,03,914855,Geldautomaat,Available,False,2024-06-22 22:18:26
3811008,01,812903,Geld storten en opnemen,Available,True,2024-06-22 22:18:27
3811008,02,812901,Geld storten en opnemen,Available,True,2024-06-22 22:18:27
3811008,03,812900,Geld storten en opnemen,Available,True,2024-06-22 22:18:27
3811008,04,812902,Geld storten en opnemen,Unavailable,False,2024-06-22 22:18:27
3811008,05,812899,Geld storten en opnemen,Available,True,2024-06-22 22:18:27
3812001,01,911055,Geldautomaat,Available,False,2024-06-22 22:18:27
3812002,01,911087,Geldautomaat,Available,False,2024-06-22 22:18:27
3812003,01,914862,Geldautomaat,Available,False,2024-06-22 22:18:28
3813004,01,811297,Geld storten en opnemen,Available,True,2024-06-22 22:18:28
3814001,01,811277,Geld storten en opnemen,Available,True,2024-06-22 22:18:29
3814002,01,912786,Geldautomaat,Available,False,2024-06-22 22:18:29
3814003,01,912785,Geldautomaat,Available,False,2024-06-22 22:18:29
3816001,01,911057,Geldautomaat,Available,False,2024-06-22 22:18:30
3818002,01,912777,Geldautomaat,Available,False,2024-06-22 22:18:30
3822001,01,911107,Geldautomaat,Available,False,2024-06-22 22:18:31
3823001,01,911903,Geldautomaat,Available,False,2024-06-22 22:18:31
3823003,01,911904,Geldautomaat,Available,False,2024-06-22 22:18:31
3823004,01,811616,Geld storten en opnemen,Available,True,2024-06-22 22:18:32
3823005,01,920555,Geldautomaat,Available,False,2024-06-22 22:18:32
3823005,02,812506,Geld storten en opnemen,Available,True,2024-06-22 22:18:32
3824001,01,920369,Geldautomaat,Available,False,2024-06-22 22:18:33
3825001,01,810893,Geld storten en opnemen,Available,True,2024-06-22 22:18:33
3825001,02,610797,Sealbag-automaat,Available,False,2024-06-22 22:18:33
3825002,01,912821,Geldautomaat,Available,False,2024-06-22 22:18:33
3825003,01,811309,Geld storten en opnemen,Available,True,2024-06-22 22:18:34
3828001,01,930139,Geldautomaat,Available,False,2024-06-22 22:18:34
3831001,01,911700,Geldautomaat,Available,False,2024-06-22 22:18:35
3831003,01,811339,Geld storten en opnemen,Available,True,2024-06-22 22:18:35
3831004,01,921042,Geldautomaat,Available,False,2024-06-22 22:18:35
3831005,01,812918,Geld storten en opnemen,Available,True,2024-06-22 22:18:36
3832001,01,920279,Geldautomaat,Available,False,2024-06-22 22:18:36
3841001,01,912302,Geldautomaat,Available,False,2024-06-22 22:18:37
3841004,01,920296,Geldautomaat,Available,False,2024-06-22 22:18:37
3841004,02,611104,Sealbag-automaat,Available,False,2024-06-22 22:18:37
3841005,01,811521,Geld storten en opnemen,Available,True,2024-06-22 22:18:38
3841006,01,812035,Geld storten en opnemen,Available,True,2024-06-22 22:18:38
3842001,01,911181,Geldautomaat,Available,False,2024-06-22 22:18:39
3843001,01,914667,Geldautomaat,Available,False,2024-06-22 22:18:39
3844002,01,911239,Geldautomaat,Available,False,2024-06-22 22:18:39
3845001,01,920562,Geldautomaat,Unavailable,False,2024-06-22 22:18:40
3848001,01,914805,Geldautomaat,Available,False,2024-06-22 22:18:40
3849001,01,911123,Geldautomaat,Available,False,2024-06-22 22:18:41
3851001,01,810165,Geld storten en opnemen,Available,True,2024-06-22 22:18:41
3851002,01,911639,Geldautomaat,Available,False,2024-06-22 22:18:41
3851006,01,811513,Geld storten en opnemen,Available,True,2024-06-22 22:18:42
3861001,01,810923,Geld storten en opnemen,Available,True,2024-06-22 22:18:42
3861001,02,914086,Geldautomaat,Available,False,2024-06-22 22:18:42
3861001,03,610905,Sealbag-automaat,Available,False,2024-06-22 22:18:42
3861002,01,811807,Geld storten en opnemen,Available,True,2024-06-22 22:18:43
3861003,01,811155,Geld storten en opnemen,Available,True,2024-06-22 22:18:43
3862001,01,920218,Geldautomaat,Available,False,2024-06-22 22:18:43
3862002,01,920641,Geldautomaat,Available,False,2024-06-22 22:18:44
3871001,01,810182,Geld storten en opnemen,Available,True,2024-06-22 22:18:44
3871002,01,911686,Geldautomaat,Available,False,2024-06-22 22:18:45
3871003,01,810183,Geld storten en opnemen,Available,True,2024-06-22 22:18:45
3881002,01,911739,Geldautomaat,Available,False,2024-06-22 22:18:45
3881003,01,811354,Geld storten en opnemen,Available,True,2024-06-22 22:18:46
3886001,01,920621,Geldautomaat,Available,False,2024-06-22 22:18:46
3888001,01,920313,Geldautomaat,Available,False,2024-06-22 22:18:47
3891001,01,810280,Geld storten en opnemen,Available,True,2024-06-22 22:18:47
3891002,01,911865,Geldautomaat,Available,False,2024-06-22 22:18:47
3891003,01,911866,Geldautomaat,Available,False,2024-06-22 22:18:48
3891003,02,610225,Sealbag-automaat,Available,False,2024-06-22 22:18:48
3901002,01,921318,Geldautomaat,Available,False,2024-06-22 22:18:48
3901003,01,813063,Geld storten en opnemen,Available,True,2024-06-22 22:18:49
3901003,02,920563,Geldautomaat,Available,False,2024-06-22 22:18:49
3901007,01,811585,Geld storten en opnemen,Available,True,2024-06-22 22:18:49
3901008,01,812054,Geld storten en opnemen,Available,True,2024-06-22 22:18:50
3901010,01,611202,Sealbag-automaat,Available,False,2024-06-22 22:18:50
3901012,01,914885,Geldautomaat,Available,False,2024-06-22 22:18:50
3903001,01,911235,Geldautomaat,Available,False,2024-06-22 22:18:51
3904001,01,920737,Geldautomaat,Available,False,2024-06-22 22:18:51
3904002,01,812659,Geld storten en opnemen,Available,True,2024-06-22 22:18:52
3905001,01,930143,Geldautomaat,Available,False,2024-06-22 22:18:52
3905002,01,920280,Geldautomaat,Available,False,2024-06-22 22:18:52
3907001,01,913807,Geldautomaat,Available,False,2024-06-22 22:18:53
3911001,01,610166,Sealbag-automaat,Available,False,2024-06-22 22:18:53
3911001,02,810211,Geld storten en opnemen,Unavailable,False,2024-06-22 22:18:53
3911002,01,921145,Geldautomaat,Available,False,2024-06-22 22:18:54
3911003,01,911230,Geldautomaat,Available,False,2024-06-22 22:18:54
3921001,01,911118,Geldautomaat,Available,False,2024-06-22 22:18:54
3925002,01,920373,Geldautomaat,Available,False,2024-06-22 22:18:55
3925003,01,811629,Geld storten en opnemen,Available,True,2024-06-22 22:18:55
3927001,01,920703,Geldautomaat,Available,False,2024-06-22 22:18:56
3931001,01,912519,Geldautomaat,Available,False,2024-06-22 22:18:56
3931002,01,811601,Geld storten en opnemen,Available,True,2024-06-22 22:18:56
3941001,01,921165,Geldautomaat,Available,False,2024-06-22 22:18:57
3941004,01,811506,Geld storten en opnemen,Available,True,2024-06-22 22:18:57
3941005,01,610386,Sealbag-automaat,Available,False,2024-06-22 22:18:58
3951003,01,921025,Geldautomaat,Available,False,2024-06-22 22:18:58
3956002,01,610130,Sealbag-automaat,Available,False,2024-06-22 22:18:59
3956002,02,920500,Geldautomaat,Available,False,2024-06-22 22:18:59
3958004,01,811047,Geld storten en opnemen,Available,True,2024-06-22 22:18:59
3961001,01,810275,Geld storten en opnemen,Available,True,2024-06-22 22:18:59
3961002,01,921259,Geldautomaat,Available,False,2024-06-22 22:19:00
3961003,01,911145,Geldautomaat,Available,False,2024-06-22 22:19:00
3961004,01,811378,Geld storten en opnemen,Unavailable,False,2024-06-22 22:19:01
3971001,01,930133,Geldautomaat,Available,False,2024-06-22 22:19:01
3971005,01,810478,Geld storten en opnemen,Available,True,2024-06-22 22:19:01
3972001,01,912259,Geldautomaat,Available,False,2024-06-22 22:19:02
3981001,01,914635,Geldautomaat,Available,False,2024-06-22 22:19:02
3981002,01,911116,Geldautomaat,Available,False,2024-06-22 22:19:03
3984001,01,921036,Geldautomaat,Available,False,2024-06-22 22:19:03
3991001,01,911992,Geldautomaat,Available,False,2024-06-22 22:19:03
3991002,01,911993,Geldautomaat,Available,False,2024-06-22 22:19:04
3995001,01,911110,Geldautomaat,Available,False,2024-06-22 22:19:04
3995002,01,911111,Geldautomaat,Available,False,2024-06-22 22:19:05
3995003,01,912343,Geldautomaat,Available,False,2024-06-22 22:19:05
3995004,01,912344,Geldautomaat,Available,False,2024-06-22 22:19:05
3995005,01,611150,Sealbag-automaat,Available,False,2024-06-22 22:19:06
3995005,02,811976,Geld storten en opnemen,Available,True,2024-06-22 22:19:06
3995008,01,811539,Geld storten en opnemen,Available,True,2024-06-22 22:19:06
3998001,01,920021,Geldautomaat,Available,False,2024-06-22 22:19:07
4001001,01,930102,Geldautomaat,Available,False,2024-06-22 22:19:07
4001006,01,811662,Geld storten en opnemen,Available,True,2024-06-22 22:19:08
4001007,01,920342,Geldautomaat,Available,False,2024-06-22 22:19:08
4001007,02,611056,Sealbag-automaat,Available,False,2024-06-22 22:19:08
4001007,03,811883,Geld storten en opnemen,Available,True,2024-06-22 22:19:08
4003001,01,911178,Geldautomaat,Available,False,2024-06-22 22:19:08
4007001,01,921313,Geldautomaat,Unavailable,False,2024-06-22 22:19:09
4007002,01,812618,Geld storten en opnemen,Available,True,2024-06-22 22:19:09
4021002,01,920979,Geldautomaat,Available,False,2024-06-22 22:19:10
4033001,01,911127,Geldautomaat,Available,False,2024-06-22 22:19:10
4033003,01,812434,Geld storten en opnemen,Available,True,2024-06-22 22:19:10
4041001,01,920007,Geldautomaat,Available,False,2024-06-22 22:19:11
4043001,01,912412,Geldautomaat,Available,False,2024-06-22 22:19:11
4043006,01,611345,Sealbag-automaat,Available,False,2024-06-22 22:19:12
4043006,02,812412,Geld storten en opnemen,Available,True,2024-06-22 22:19:12
4051001,01,920393,Geldautomaat,Available,False,2024-06-22 22:19:12
4101001,01,911605,Geldautomaat,Available,False,2024-06-22 22:19:12
4101004,01,811499,Geld storten en opnemen,Available,True,2024-06-22 22:19:13
4101005,01,920754,Geldautomaat,Available,False,2024-06-22 22:19:13
4101005,02,611094,Sealbag-automaat,Available,False,2024-06-22 22:19:13
4102001,01,920759,Geldautomaat,Available,False,2024-06-22 22:19:14
4102001,02,810283,Geld storten en opnemen,Available,True,2024-06-22 22:19:14
4116001,01,920786,Geldautomaat,Available,False,2024-06-22 22:19:15
4128001,01,920101,Geldautomaat,Available,False,2024-06-22 22:19:15
4132001,01,810265,Geld storten en opnemen,Available,True,2024-06-22 22:19:15
4132001,02,610216,Sealbag-automaat,Available,False,2024-06-22 22:19:15
4132002,01,911838,Geldautomaat,Available,False,2024-06-22 22:19:16
4132003,01,911839,Geldautomaat,Available,False,2024-06-22 22:19:16
4133001,01,912895,Geldautomaat,Available,False,2024-06-22 22:19:17
4141001,01,611481,Sealbag-automaat,Available,False,2024-06-22 22:19:17
4141001,02,810532,Geld storten en opnemen,Available,True,2024-06-22 22:19:17
4141002,01,912365,Geldautomaat,Available,False,2024-06-22 22:19:17
4141007,01,811805,Geld storten en opnemen,Available,True,2024-06-22 22:19:18
4142001,01,920702,Geldautomaat,Available,False,2024-06-22 22:19:18
4145001,01,911202,Geldautomaat,Available,False,2024-06-22 22:19:19
4147001,01,920238,Geldautomaat,Available,False,2024-06-22 22:19:19
4153001,01,920034,Geldautomaat,Available,False,2024-06-22 22:19:19
4158001,01,920123,Geldautomaat,Available,False,2024-06-22 22:19:20
4161001,01,920003,Geldautomaat,Available,False,2024-06-22 22:19:20
4171001,01,920047,Geldautomaat,Available,False,2024-06-22 22:19:21
4175001,01,920378,Geldautomaat,Available,False,2024-06-22 22:19:21
4181001,01,920394,Geldautomaat,Available,False,2024-06-22 22:19:21
4191001,01,810166,Geld storten en opnemen,Available,True,2024-06-22 22:19:22
4191001,02,610109,Sealbag-automaat,Available,False,2024-06-22 22:19:22
4191002,01,921134,Geldautomaat,Available,False,2024-06-22 22:19:22
4191003,01,911646,Geldautomaat,Available,False,2024-06-22 22:19:23
4191006,01,811118,Geld storten en opnemen,Available,True,2024-06-22 22:19:23
4201001,01,913934,Geldautomaat,Available,False,2024-06-22 22:19:23
4201003,01,810491,Geld storten en opnemen,Available,True,2024-06-22 22:19:24
4204001,01,911996,Geldautomaat,Available,False,2024-06-22 22:19:24
4204002,01,920237,Geldautomaat,Available,False,2024-06-22 22:19:25
4204003,01,812595,Geld storten en opnemen,Available,True,2024-06-22 22:19:25
4204004,01,812675,Geld storten en opnemen,Available,True,2024-06-22 22:19:25
4207001,01,911228,Geldautomaat,Available,False,2024-06-22 22:19:26
4207002,01,920712,Geldautomaat,Available,False,2024-06-22 22:19:26
4208001,01,911207,Geldautomaat,Available,False,2024-06-22 22:19:27
4214001,01,920512,Geldautomaat,Available,False,2024-06-22 22:19:27
4223001,01,920806,Geldautomaat,Available,False,2024-06-22 22:19:27
4231001,01,920514,Geldautomaat,Available,False,2024-06-22 22:19:28
4231001,02,610142,Sealbag-automaat,Available,False,2024-06-22 22:19:28
4233001,01,920382,Geldautomaat,Available,False,2024-06-22 22:19:28
4241001,01,920004,Geldautomaat,Available,False,2024-06-22 22:19:29
4251001,01,912512,Geldautomaat,Available,False,2024-06-22 22:19:29
4251003,01,913121,Geldautomaat,Available,False,2024-06-22 22:19:30
4251003,02,811208,Geld storten en opnemen,Available,True,2024-06-22 22:19:30
4251003,03,610702,Sealbag-automaat,Available,False,2024-06-22 22:19:30
4254001,01,911795,Geldautomaat,Available,False,2024-06-22 22:19:30
4254002,01,913091,Geldautomaat,Available,False,2024-06-22 22:19:30
4255001,01,920383,Geldautomaat,Available,False,2024-06-22 22:19:31
4261003,01,611022,Sealbag-automaat,Available,False,2024-06-22 22:19:31
4261003,02,811763,Geld storten en opnemen,Available,True,2024-06-22 22:19:31
4261003,03,920402,Geldautomaat,Available,False,2024-06-22 22:19:31
4261004,01,812925,Geld storten en opnemen,Available,True,2024-06-22 22:19:32
4264001,01,920480,Geldautomaat,Available,False,2024-06-22 22:19:32
4265001,01,920057,Geldautomaat,Available,False,2024-06-22 22:19:32
4271001,01,920346,Geldautomaat,Available,False,2024-06-22 22:19:33
4273001,01,913096,Geldautomaat,Available,False,2024-06-22 22:19:33
4281001,01,930004,Geldautomaat,Available,False,2024-06-22 22:19:34
4284002,01,913098,Geldautomaat,Available,False,2024-06-22 22:19:34
4285001,01,920347,Geldautomaat,Available,False,2024-06-22 22:19:34
4286001,01,911493,Geldautomaat,Available,False,2024-06-22 22:19:35
4301001,01,912534,Geldautomaat,Available,False,2024-06-22 22:19:36
4301006,01,920993,Geldautomaat,Available,False,2024-06-22 22:19:36
4301006,02,610924,Sealbag-automaat,Available,False,2024-06-22 22:19:36
4301007,01,921376,Geldautomaat,Available,False,2024-06-22 22:19:36
4306001,01,910035,Geldautomaat,Available,False,2024-06-22 22:19:37
4307001,01,920695,Geldautomaat,Available,False,2024-06-22 22:19:37
4311001,01,921377,Geldautomaat,Available,False,2024-06-22 22:19:38
4311003,01,812862,Geld storten en opnemen,Available,True,2024-06-22 22:19:38
4318001,01,920996,Geldautomaat,Available,False,2024-06-22 22:19:38
4322001,01,920340,Geldautomaat,Available,False,2024-06-22 22:19:39
4325001,01,610056,Sealbag-automaat,Available,False,2024-06-22 22:19:39
4325001,02,920966,Geldautomaat,Available,False,2024-06-22 22:19:39
4328001,01,921159,Geldautomaat,Available,False,2024-06-22 22:19:40
4328002,01,610582,Sealbag-automaat,Available,False,2024-06-22 22:19:40
4328002,02,914068,Geldautomaat,Available,False,2024-06-22 22:19:40
4331001,01,914677,Geldautomaat,Available,False,2024-06-22 22:19:40
4331003,01,921364,Geldautomaat,Available,False,2024-06-22 22:19:41
4331005,01,914325,Geldautomaat,Available,False,2024-06-22 22:19:41
4331005,02,914187,Geldautomaat,Unavailable,False,2024-06-22 22:19:41
4331009,01,812043,Geld storten en opnemen,Available,True,2024-06-22 22:19:42
4331010,01,920446,Geldautomaat,Available,False,2024-06-22 22:19:42
4331010,02,812904,Geld storten en opnemen,Available,True,2024-06-22 22:19:42
4331010,03,611452,Sealbag-automaat,Available,False,2024-06-22 22:19:42
4331011,01,812906,Geld storten en opnemen,Available,True,2024-06-22 22:19:42
4331011,02,812909,Geld storten en opnemen,Available,True,2024-06-22 22:19:42
4331011,03,812907,Geld storten en opnemen,Unavailable,False,2024-06-22 22:19:42
4331011,04,812908,Geld storten en opnemen,Available,True,2024-06-22 22:19:42
4331011,05,812905,Geld storten en opnemen,Available,True,2024-06-22 22:19:42
4332001,01,921381,Geldautomaat,Available,False,2024-06-22 22:19:43
4335001,01,812853,Geld storten en opnemen,Available,True,2024-06-22 22:19:43
4336001,01,920683,Geldautomaat,Available,False,2024-06-22 22:19:43
4337001,01,920728,Geldautomaat,Available,False,2024-06-22 22:19:44
4337003,01,812467,Geld storten en opnemen,Available,True,2024-06-22 22:19:44
4341001,01,920212,Geldautomaat,Available,False,2024-06-22 22:19:45
4341001,02,812390,Geld storten en opnemen,Unavailable,True,2024-06-22 22:19:45
4341002,01,812705,Geld storten en opnemen,Available,True,2024-06-22 22:19:45
4351001,01,810016,Geld storten en opnemen,Available,True,2024-06-22 22:19:45
4353003,01,920689,Geldautomaat,Available,False,2024-06-22 22:19:46
4354001,01,810017,Geld storten en opnemen,Available,True,2024-06-22 22:19:46
4356001,01,920565,Geldautomaat,Available,False,2024-06-22 22:19:47
4356001,02,610160,Sealbag-automaat,Available,False,2024-06-22 22:19:47
4357001,01,921191,Geldautomaat,Available,False,2024-06-22 22:19:47
4357004,01,813090,Geld storten en opnemen,Available,True,2024-06-22 22:19:48
4361001,01,911856,Geldautomaat,Available,False,2024-06-22 22:19:48
4361001,02,610221,Sealbag-automaat,Available,False,2024-06-22 22:19:48
4371001,01,610129,Sealbag-automaat,Available,False,2024-06-22 22:19:49
4371001,02,920566,Geldautomaat,Available,False,2024-06-22 22:19:49
4374001,01,610013,Sealbag-automaat,Available,False,2024-06-22 22:19:49
4374001,02,920312,Geldautomaat,Available,False,2024-06-22 22:19:49
4381001,01,610498,Sealbag-automaat,Available,False,2024-06-22 22:19:49
4381001,02,810631,Geld storten en opnemen,Available,True,2024-06-22 22:19:49
4381001,03,810630,Geld storten en opnemen,Available,True,2024-06-22 22:19:49
4381002,01,912492,Geldautomaat,Available,False,2024-06-22 22:19:50
4381003,01,912493,Geldautomaat,Available,False,2024-06-22 22:19:50
4381006,01,811592,Geld storten en opnemen,Available,True,2024-06-22 22:19:51
4383001,01,913698,Geldautomaat,Available,False,2024-06-22 22:19:51
4383002,01,911157,Geldautomaat,Available,False,2024-06-22 22:19:51
4384001,01,911174,Geldautomaat,Available,False,2024-06-22 22:19:52
4384001,02,911175,Geldautomaat,Available,False,2024-06-22 22:19:52
4388001,01,911736,Geldautomaat,Available,False,2024-06-22 22:19:52
4388001,02,911737,Geldautomaat,Available,False,2024-06-22 22:19:52
4388002,01,812844,Geld storten en opnemen,Available,True,2024-06-22 22:19:53
4401001,01,610232,Sealbag-automaat,Available,False,2024-06-22 22:19:53
4401001,02,810277,Geld storten en opnemen,Available,True,2024-06-22 22:19:53
4401002,01,911861,Geldautomaat,Available,False,2024-06-22 22:19:53
4411001,01,920526,Geldautomaat,Available,False,2024-06-22 22:19:54
4413001,01,810188,Geld storten en opnemen,Available,True,2024-06-22 22:19:54
4413002,01,812188,Geld storten en opnemen,Available,True,2024-06-22 22:19:55
4416001,01,920573,Geldautomaat,Available,False,2024-06-22 22:19:55
4417001,01,920529,Geldautomaat,Available,False,2024-06-22 22:19:55
4421001,01,911692,Geldautomaat,Available,False,2024-06-22 22:19:56
4421002,01,810187,Geld storten en opnemen,Available,True,2024-06-22 22:19:56
4421005,01,812569,Geld storten en opnemen,Available,True,2024-06-22 22:19:57
4424001,01,920574,Geldautomaat,Available,False,2024-06-22 22:19:57
4431001,01,911134,Geldautomaat,Available,False,2024-06-22 22:19:57
4441001,01,920744,Geldautomaat,Available,False,2024-06-22 22:19:58
4451001,01,810789,Geld storten en opnemen,Available,True,2024-06-22 22:19:58
4451001,02,610586,Sealbag-automaat,Available,False,2024-06-22 22:19:58
4451002,01,811133,Geld storten en opnemen,Available,True,2024-06-22 22:19:59
4453001,01,920749,Geldautomaat,Available,False,2024-06-22 22:19:59
4461001,01,812994,Geld storten en opnemen,Available,True,2024-06-22 22:19:59
4461002,01,911457,Geldautomaat,Available,False,2024-06-22 22:20:00
4461003,01,921306,Geldautomaat,Unavailable,False,2024-06-22 22:20:00
4461004,01,610023,Sealbag-automaat,Available,False,2024-06-22 22:20:01
4461004,02,920284,Geldautomaat,Available,False,2024-06-22 22:20:01
4461008,01,811516,Geld storten en opnemen,Available,True,2024-06-22 22:20:01
4462001,01,920696,Geldautomaat,Unavailable,False,2024-06-22 22:20:01
4463001,01,920775,Geldautomaat,Unavailable,False,2024-06-22 22:20:02
4463002,01,921312,Geldautomaat,Unavailable,False,2024-06-22 22:20:03
4471001,01,920783,Geldautomaat,Unavailable,False,2024-06-22 22:20:03
4484001,01,810028,Geld storten en opnemen,Available,True,2024-06-22 22:20:03
4484001,02,611329,Sealbag-automaat,Available,False,2024-06-22 22:20:03
4486001,01,920145,Geldautomaat,Available,False,2024-06-22 22:20:04
4491001,01,920147,Geldautomaat,Available,False,2024-06-22 22:20:04
4493001,01,810036,Geld storten en opnemen,Available,True,2024-06-22 22:20:05
4493001,02,610709,Sealbag-automaat,Available,False,2024-06-22 22:20:05
4501001,01,610157,Sealbag-automaat,Available,False,2024-06-22 22:20:05
4501001,02,810212,Geld storten en opnemen,Available,True,2024-06-22 22:20:05
4501002,01,921329,Geldautomaat,Available,False,2024-06-22 22:20:05
4501003,01,811559,Geld storten en opnemen,Available,True,2024-06-22 22:20:06
4506001,01,920576,Geldautomaat,Available,False,2024-06-22 22:20:06
4511001,01,610577,Sealbag-automaat,Available,False,2024-06-22 22:20:07
4511001,02,810769,Geld storten en opnemen,Unavailable,False,2024-06-22 22:20:07
4511002,01,912672,Geldautomaat,Available,False,2024-06-22 22:20:07
4511004,01,812625,Geld storten en opnemen,Available,True,2024-06-22 22:20:08
4515001,01,920451,Geldautomaat,Available,False,2024-06-22 22:20:08
4524002,01,811181,Geld storten en opnemen,Available,True,2024-06-22 22:20:08
4524004,01,611040,Sealbag-automaat,Available,False,2024-06-22 22:20:09
4524004,02,920991,Geldautomaat,Available,False,2024-06-22 22:20:09
4527001,01,920560,Geldautomaat,Unavailable,False,2024-06-22 22:20:09
4536001,01,913905,Geldautomaat,Available,False,2024-06-22 22:20:10
4536002,01,911249,Geldautomaat,Available,False,2024-06-22 22:20:10
4536003,01,911250,Geldautomaat,Available,False,2024-06-22 22:20:10
4536005,01,812547,Geld storten en opnemen,Available,True,2024-06-22 22:20:11
4536006,01,812891,Geld storten en opnemen,Available,True,2024-06-22 22:20:11
4541001,01,920112,Geldautomaat,Available,False,2024-06-22 22:20:12
4542001,01,920717,Geldautomaat,Available,False,2024-06-22 22:20:12
4543001,01,911205,Geldautomaat,Available,False,2024-06-22 22:20:12
4551003,01,920549,Geldautomaat,Available,False,2024-06-22 22:20:13
4551005,01,930138,Geldautomaat,Available,False,2024-06-22 22:20:13
4561001,01,810186,Geld storten en opnemen,Available,True,2024-06-22 22:20:14
4561002,01,610736,Sealbag-automaat,Available,False,2024-06-22 22:20:14
4561002,02,920397,Geldautomaat,Available,False,2024-06-22 22:20:14
4561003,01,912637,Geldautomaat,Available,False,2024-06-22 22:20:14
4561004,01,811331,Geld storten en opnemen,Available,True,2024-06-22 22:20:15
4564001,01,911204,Geldautomaat,Available,False,2024-06-22 22:20:15
4569001,01,811752,Geld storten en opnemen,Available,True,2024-06-22 22:20:16
4571001,01,913920,Geldautomaat,Available,False,2024-06-22 22:20:16
4571002,01,921230,Geldautomaat,Available,False,2024-06-22 22:20:16
4571003,01,810117,Geld storten en opnemen,Available,True,2024-06-22 22:20:17
4571003,02,610052,Sealbag-automaat,Available,False,2024-06-22 22:20:17
4576001,01,920770,Geldautomaat,Available,False,2024-06-22 22:20:17
4611001,01,920946,Geldautomaat,Available,False,2024-06-22 22:20:18
4611001,02,920934,Geldautomaat,Available,False,2024-06-22 22:20:18
4611005,01,810447,Geld storten en opnemen,Available,True,2024-06-22 22:20:18
4611006,01,611398,Sealbag-automaat,Available,False,2024-06-22 22:20:19
4611006,02,920452,Geldautomaat,Available,False,2024-06-22 22:20:19
4614001,01,810946,Geld storten en opnemen,Available,True,2024-06-22 22:20:19
4614002,01,911238,Geldautomaat,Available,False,2024-06-22 22:20:20
4615001,01,921322,Geldautomaat,Available,False,2024-06-22 22:20:20
4615002,01,921353,Geldautomaat,Available,False,2024-06-22 22:20:20
4617001,01,920971,Geldautomaat,Available,False,2024-06-22 22:20:21
4624001,01,914727,Geldautomaat,Available,False,2024-06-22 22:20:22
4624002,01,911247,Geldautomaat,Available,False,2024-06-22 22:20:22
4624003,01,812440,Geld storten en opnemen,Available,True,2024-06-22 22:20:22
4631001,01,810097,Geld storten en opnemen,Unavailable,False,2024-06-22 22:20:23
4631002,01,610031,Sealbag-automaat,Available,False,2024-06-22 22:20:23
4631002,02,913845,Geldautomaat,Available,False,2024-06-22 22:20:23
4631003,01,921089,Geldautomaat,Available,False,2024-06-22 22:20:24
4631005,01,811330,Geld storten en opnemen,Available,True,2024-06-22 22:20:24
4635002,01,813081,Geld storten en opnemen,Available,True,2024-06-22 22:20:25
4641001,01,920449,Geldautomaat,Available,False,2024-06-22 22:20:25
4645001,01,921102,Geldautomaat,Available,False,2024-06-22 22:20:25
4645002,01,810037,Geld storten en opnemen,Available,True,2024-06-22 22:20:26
4651002,01,610200,Sealbag-automaat,Available,False,2024-06-22 22:20:27
4651003,01,921315,Geldautomaat,Unavailable,False,2024-06-22 22:20:27
4651004,01,911334,Geldautomaat,Available,False,2024-06-22 22:20:27
4651005,01,811038,Geld storten en opnemen,Available,True,2024-06-22 22:20:28
4661001,01,810178,Geld storten en opnemen,Available,True,2024-06-22 22:20:28
4661001,02,610120,Sealbag-automaat,Available,False,2024-06-22 22:20:28
4661002,01,911674,Geldautomaat,Available,False,2024-06-22 22:20:29
4661003,01,811329,Geld storten en opnemen,Available,True,2024-06-22 22:20:29
4664001,01,920805,Geldautomaat,Available,False,2024-06-22 22:20:30
4671001,01,921379,Geldautomaat,Unavailable,False,2024-06-22 22:20:30
4671002,01,810011,Geld storten en opnemen,Available,True,2024-06-22 22:20:30
4675001,01,920811,Geldautomaat,Available,False,2024-06-22 22:20:31
4681001,01,912968,Geldautomaat,Available,False,2024-06-22 22:20:31
4691005,01,611116,Sealbag-automaat,Available,False,2024-06-22 22:20:32
4691005,02,811939,Geld storten en opnemen,Available,True,2024-06-22 22:20:32
4695001,01,921000,Geldautomaat,Available,False,2024-06-22 22:20:32
4695001,02,610190,Sealbag-automaat,Available,False,2024-06-22 22:20:32
4697001,01,810255,Geld storten en opnemen,Available,True,2024-06-22 22:20:33
4698001,01,920738,Geldautomaat,Available,False,2024-06-22 22:20:34
4701004,01,914792,Geldautomaat,Available,False,2024-06-22 22:20:34
4701004,02,914192,Geldautomaat,Unavailable,False,2024-06-22 22:20:34
4701005,01,811569,Geld storten en opnemen,Available,True,2024-06-22 22:20:35
4701006,01,812417,Geld storten en opnemen,Available,True,2024-06-22 22:20:35
4701006,02,611351,Sealbag-automaat,Available,False,2024-06-22 22:20:35
4702001,01,912431,Geldautomaat,Unavailable,False,2024-06-22 22:20:35
4702002,01,920267,Geldautomaat,Available,False,2024-06-22 22:20:36
4706001,01,920981,Geldautomaat,Available,False,2024-06-22 22:20:36
4706002,01,811239,Geld storten en opnemen,Available,True,2024-06-22 22:20:36
4706003,01,912747,Geldautomaat,Available,False,2024-06-22 22:20:37
4707001,01,812195,Geld storten en opnemen,Available,True,2024-06-22 22:20:37
4708001,01,911336,Geldautomaat,Available,False,2024-06-22 22:20:38
4708002,01,911337,Geldautomaat,Available,False,2024-06-22 22:20:38
4709001,01,911326,Geldautomaat,Available,False,2024-06-22 22:20:39
4711002,01,810104,Geld storten en opnemen,Available,False,2024-06-22 22:20:39
4711002,02,911488,Geldautomaat,Available,False,2024-06-22 22:20:39
4711002,03,610036,Sealbag-automaat,Available,False,2024-06-22 22:20:39
4714001,01,911331,Geldautomaat,Available,False,2024-06-22 22:20:39
4715001,01,911329,Geldautomaat,Available,False,2024-06-22 22:20:40
4721001,01,920115,Geldautomaat,Available,False,2024-06-22 22:20:40
4724001,01,920450,Geldautomaat,Available,False,2024-06-22 22:20:40
4724001,02,610223,Sealbag-automaat,Available,False,2024-06-22 22:20:40
4731001,01,610162,Sealbag-automaat,Available,False,2024-06-22 22:20:41
4731001,02,810220,Geld storten en opnemen,Available,True,2024-06-22 22:20:41
4731002,01,911754,Geldautomaat,Available,False,2024-06-22 22:20:42
4731003,01,811353,Geld storten en opnemen,Available,True,2024-06-22 22:20:42
4735001,01,920418,Geldautomaat,Available,False,2024-06-22 22:20:43
4735002,01,930010,Geldautomaat,Available,False,2024-06-22 22:20:43
4741001,01,911297,Geldautomaat,Available,False,2024-06-22 22:20:43
4741002,01,911298,Geldautomaat,Available,False,2024-06-22 22:20:44
4751003,01,811988,Geld storten en opnemen,Available,True,2024-06-22 22:20:44
4756001,01,920266,Geldautomaat,Available,False,2024-06-22 22:20:45
4758001,01,920129,Geldautomaat,Unavailable,False,2024-06-22 22:20:45
4761002,01,912527,Geldautomaat,Available,False,2024-06-22 22:20:45
4761006,01,812118,Geld storten en opnemen,Available,True,2024-06-22 22:20:46
4791001,01,911299,Geldautomaat,Available,False,2024-06-22 22:20:46
4791002,01,911300,Geldautomaat,Available,False,2024-06-22 22:20:47
4791003,01,812570,Geld storten en opnemen,Available,True,2024-06-22 22:20:47
4793001,01,920295,Geldautomaat,Available,False,2024-06-22 22:20:48
4797001,01,911340,Geldautomaat,Available,False,2024-06-22 22:20:48
4811001,01,610028,Sealbag-automaat,Available,False,2024-06-22 22:20:48
4811001,02,810093,Geld storten en opnemen,Available,True,2024-06-22 22:20:48
4811001,03,811799,Geld storten en opnemen,Available,True,2024-06-22 22:20:48
4811002,01,811800,Geld storten en opnemen,Available,True,2024-06-22 22:20:49
4811002,02,913718,Geldautomaat,Available,False,2024-06-22 22:20:49
4811002,03,913719,Geldautomaat,Available,False,2024-06-22 22:20:49
4811002,04,610029,Sealbag-automaat,Available,False,2024-06-22 22:20:49
4811003,01,911477,Geldautomaat,Available,False,2024-06-22 22:20:49
4811004,01,911478,Geldautomaat,Available,False,2024-06-22 22:20:50
4811005,01,911479,Geldautomaat,Available,False,2024-06-22 22:20:50
4811007,01,913891,Geldautomaat,Available,False,2024-06-22 22:20:50
4811012,01,811494,Geld storten en opnemen,Available,True,2024-06-22 22:20:51
4812001,01,920778,Geldautomaat,Available,False,2024-06-22 22:20:51
4813001,01,921140,Geldautomaat,Available,False,2024-06-22 22:20:51
4813002,01,920751,Geldautomaat,Available,False,2024-06-22 22:20:52
4814002,01,920518,Geldautomaat,Unavailable,False,2024-06-22 22:20:52
4815002,01,911345,Geldautomaat,Available,False,2024-06-22 22:20:53
4817002,01,911344,Geldautomaat,Available,False,2024-06-22 22:20:53
4817003,01,921125,Geldautomaat,Available,False,2024-06-22 22:20:54
4818001,01,920625,Geldautomaat,Available,False,2024-06-22 22:20:54
4818002,01,911377,Geldautomaat,Available,False,2024-06-22 22:20:54
4822002,01,812119,Geld storten en opnemen,Available,True,2024-06-22 22:20:55
4823001,01,810302,Geld storten en opnemen,Available,True,2024-06-22 22:20:55
4823002,01,911925,Geldautomaat,Available,False,2024-06-22 22:20:55
4824001,01,920752,Geldautomaat,Available,False,2024-06-22 22:20:56
4826001,01,810131,Geld storten en opnemen,Available,True,2024-06-22 22:20:56
4826001,02,812664,Geld storten en opnemen,Available,True,2024-06-22 22:20:56
4826002,01,911564,Geldautomaat,Available,False,2024-06-22 22:20:57
4834001,01,913944,Geldautomaat,Available,False,2024-06-22 22:20:57
4834002,01,911877,Geldautomaat,Available,False,2024-06-22 22:20:58
4834003,01,610237,Sealbag-automaat,Available,False,2024-06-22 22:20:58
4834003,02,812402,Geld storten en opnemen,Available,False,2024-06-22 22:20:58
4834003,03,920686,Geldautomaat,Available,False,2024-06-22 22:20:58
4835001,01,810053,Geld storten en opnemen,Available,True,2024-06-22 22:20:58
4835003,01,911542,Geldautomaat,Available,False,2024-06-22 22:20:59
4835004,01,811689,Geld storten en opnemen,Available,True,2024-06-22 22:20:59
4841002,01,930125,Geldautomaat,Available,False,2024-06-22 22:21:00
4841003,01,921005,Geldautomaat,Available,False,2024-06-22 22:21:00
4841003,02,611044,Sealbag-automaat,Available,False,2024-06-22 22:21:00
4844001,01,811856,Geld storten en opnemen,Available,True,2024-06-22 22:21:00
4845001,01,920128,Geldautomaat,Available,False,2024-06-22 22:21:01
4849001,01,920097,Geldautomaat,Available,False,2024-06-22 22:21:01
4854001,01,911347,Geldautomaat,Available,False,2024-06-22 22:21:02
4854004,01,812557,Geld storten en opnemen,Available,True,2024-06-22 22:21:02
4861002,01,920777,Geldautomaat,Available,False,2024-06-22 22:21:02
4861003,01,812411,Geld storten en opnemen,Available,True,2024-06-22 22:21:03
4871001,01,910073,Geldautomaat,Available,False,2024-06-22 22:21:03
4872003,01,810487,Geld storten en opnemen,Available,True,2024-06-22 22:21:04
4872004,01,914863,Geldautomaat,Available,False,2024-06-22 22:21:04
4873001,01,912283,Geldautomaat,Available,False,2024-06-22 22:21:04
4875001,01,812303,Geld storten en opnemen,Available,True,2024-06-22 22:21:05
4875001,02,611267,Sealbag-automaat,Available,False,2024-06-22 22:21:05
4881002,01,911873,Geldautomaat,Available,False,2024-06-22 22:21:05
4881003,01,811386,Geld storten en opnemen,Available,True,2024-06-22 22:21:06
4885001,01,920114,Geldautomaat,Available,False,2024-06-22 22:21:06
4891001,01,920297,Geldautomaat,Available,False,2024-06-22 22:21:06
4891001,02,610328,Sealbag-automaat,Available,False,2024-06-22 22:21:06
4901001,01,811841,Geld storten en opnemen,Available,True,2024-06-22 22:21:07
4901002,01,911193,Geldautomaat,Available,False,2024-06-22 22:21:07
4901007,01,810576,Geld storten en opnemen,Available,True,2024-06-22 22:21:07
4901010,01,812672,Geld storten en opnemen,Available,True,2024-06-22 22:21:08
4904001,01,911290,Geldautomaat,Available,False,2024-06-22 22:21:08
4904002,01,910098,Geldautomaat,Available,False,2024-06-22 22:21:09
4906002,01,812436,Geld storten en opnemen,Available,True,2024-06-22 22:21:09
4907002,01,910420,Geldautomaat,Available,False,2024-06-22 22:21:10
4907003,01,813077,Geld storten en opnemen,Available,True,2024-06-22 22:21:10
4907003,02,611489,Sealbag-automaat,Available,False,2024-06-22 22:21:10
4921001,01,912124,Geldautomaat,Available,False,2024-06-22 22:21:10
4921002,01,610701,Sealbag-automaat,Available,False,2024-06-22 22:21:11
4921002,02,921039,Geldautomaat,Available,False,2024-06-22 22:21:11
4921005,01,812189,Geld storten en opnemen,Available,True,2024-06-22 22:21:11
4926001,01,920419,Geldautomaat,Available,False,2024-06-22 22:21:12
4931001,01,911156,Geldautomaat,Available,False,2024-06-22 22:21:12
4941002,01,813142,Geld storten en opnemen,Available,True,2024-06-22 22:21:13
4941002,02,610035,Sealbag-automaat,Available,False,2024-06-22 22:21:13
4941004,01,812470,Geld storten en opnemen,Available,True,2024-06-22 22:21:13
5011001,01,811853,Geld storten en opnemen,Available,True,2024-06-22 22:21:14
5011002,01,912048,Geldautomaat,Available,False,2024-06-22 22:21:14
5011003,01,920292,Geldautomaat,Available,False,2024-06-22 22:21:14
5011004,01,811391,Geld storten en opnemen,Available,True,2024-06-22 22:21:15
5011005,01,812804,Geld storten en opnemen,Available,True,2024-06-22 22:21:15
5014001,01,812598,Geld storten en opnemen,Available,True,2024-06-22 22:21:16
5021002,01,812072,Geld storten en opnemen,Available,True,2024-06-22 22:21:16
5025001,01,921345,Geldautomaat,Available,False,2024-06-22 22:21:16
5032001,01,913821,Geldautomaat,Available,False,2024-06-22 22:21:17
5035001,01,911011,Geldautomaat,Available,False,2024-06-22 22:21:17
5035002,01,911012,Geldautomaat,Available,False,2024-06-22 22:21:18
5037001,01,914631,Geldautomaat,Available,False,2024-06-22 22:21:18
5037002,01,930131,Geldautomaat,Available,False,2024-06-22 22:21:18
5038001,01,912456,Geldautomaat,Available,False,2024-06-22 22:21:19
5038001,02,912455,Geldautomaat,Available,False,2024-06-22 22:21:19
5038003,01,921392,Geldautomaat,Available,False,2024-06-22 22:21:20
5038009,01,812800,Geld storten en opnemen,Available,True,2024-06-22 22:21:20
5038009,02,611425,Sealbag-automaat,Available,False,2024-06-22 22:21:20
5038010,01,812759,Geld storten en opnemen,Available,True,2024-06-22 22:21:21
5038010,02,812757,Geld storten en opnemen,Unavailable,False,2024-06-22 22:21:21
5038010,03,812758,Geld storten en opnemen,Unavailable,False,2024-06-22 22:21:21
5038010,04,812760,Geld storten en opnemen,Available,True,2024-06-22 22:21:21
5038010,05,812761,Geld storten en opnemen,Available,True,2024-06-22 22:21:21
5041001,01,921187,Geldautomaat,Available,False,2024-06-22 22:21:21
5041001,02,921148,Geldautomaat,Unavailable,False,2024-06-22 22:21:21
5041002,01,930082,Geldautomaat,Available,False,2024-06-22 22:21:22
5042001,01,810899,Geld storten en opnemen,Available,True,2024-06-22 22:21:22
5042001,02,610616,Sealbag-automaat,Available,False,2024-06-22 22:21:22
5042001,03,810898,Geld storten en opnemen,Available,True,2024-06-22 22:21:22
5042002,01,921175,Geldautomaat,Available,False,2024-06-22 22:21:22
5043001,01,911492,Geldautomaat,Available,False,2024-06-22 22:21:23
5043001,02,810107,Geld storten en opnemen,Available,True,2024-06-22 22:21:23
5043001,03,610039,Sealbag-automaat,Available,False,2024-06-22 22:21:23
5043002,01,911289,Geldautomaat,Available,False,2024-06-22 22:21:23
5043005,01,811447,Geld storten en opnemen,Available,True,2024-06-22 22:21:24
5044001,01,921208,Geldautomaat,Available,False,2024-06-22 22:21:24
5051002,01,921206,Geldautomaat,Available,False,2024-06-22 22:21:25
5051003,01,921107,Geldautomaat,Available,False,2024-06-22 22:21:25
5051005,01,811969,Geld storten en opnemen,Available,True,2024-06-22 22:21:25
5051005,02,611145,Sealbag-automaat,Available,False,2024-06-22 22:21:25
5051006,01,812566,Geld storten en opnemen,Available,True,2024-06-22 22:21:26
5056004,01,914420,Geldautomaat,Available,False,2024-06-22 22:21:26
5056004,02,610932,Sealbag-automaat,Available,False,2024-06-22 22:21:26
5057001,01,921120,Geldautomaat,Available,False,2024-06-22 22:21:27
5061001,01,912409,Geldautomaat,Available,False,2024-06-22 22:21:27
5061004,01,811558,Geld storten en opnemen,Available,True,2024-06-22 22:21:27
5061005,01,813082,Geld storten en opnemen,Available,True,2024-06-22 22:21:28
5061005,02,611490,Sealbag-automaat,Available,False,2024-06-22 22:21:28
5066001,01,811150,Geld storten en opnemen,Available,True,2024-06-22 22:21:28
5066002,01,920983,Geldautomaat,Available,False,2024-06-22 22:21:29
5071001,01,810106,Geld storten en opnemen,Available,True,2024-06-22 22:21:29
5071001,02,610037,Sealbag-automaat,Available,False,2024-06-22 22:21:29
5071001,03,911490,Geldautomaat,Available,False,2024-06-22 22:21:29
5076001,01,921181,Geldautomaat,Available,False,2024-06-22 22:21:29
5081002,01,921281,Geldautomaat,Available,False,2024-06-22 22:21:30
5081005,01,811709,Geld storten en opnemen,Available,True,2024-06-22 22:21:30
5091001,01,920294,Geldautomaat,Available,False,2024-06-22 22:21:31
5094001,01,920381,Geldautomaat,Available,False,2024-06-22 22:21:31
5104002,01,810155,Geld storten en opnemen,Available,True,2024-06-22 22:21:31
5104002,02,610094,Sealbag-automaat,Available,False,2024-06-22 22:21:31
5104003,01,921286,Geldautomaat,Available,False,2024-06-22 22:21:32
5104007,01,812090,Geld storten en opnemen,Available,True,2024-06-22 22:21:32
5104008,01,812175,Geld storten en opnemen,Available,True,2024-06-22 22:21:33
5109001,01,910099,Geldautomaat,Available,False,2024-06-22 22:21:33
5111001,01,810135,Geld storten en opnemen,Available,True,2024-06-22 22:21:33
5111001,02,610071,Sealbag-automaat,Available,False,2024-06-22 22:21:33
5111002,01,911568,Geldautomaat,Available,False,2024-06-22 22:21:34
5111003,01,811071,Geld storten en opnemen,Available,True,2024-06-22 22:21:34
5113001,01,910270,Geldautomaat,Available,False,2024-06-22 22:21:35
5121001,01,810224,Geld storten en opnemen,Available,False,2024-06-22 22:21:35
5121001,02,911782,Geldautomaat,Available,False,2024-06-22 22:21:35
5121001,03,610174,Sealbag-automaat,Available,False,2024-06-22 22:21:35
5121002,01,911759,Geldautomaat,Available,False,2024-06-22 22:21:35
5126003,01,811880,Geld storten en opnemen,Available,True,2024-06-22 22:21:36
5131001,01,920095,Geldautomaat,Available,False,2024-06-22 22:21:36
5133001,01,920437,Geldautomaat,Available,False,2024-06-22 22:21:37
5141001,01,912495,Geldautomaat,Available,False,2024-06-22 22:21:37
5141002,01,912496,Geldautomaat,Available,False,2024-06-22 22:21:37
5141003,01,611016,Sealbag-automaat,Available,False,2024-06-22 22:21:38
5141003,02,811761,Geld storten en opnemen,Available,True,2024-06-22 22:21:38
5141006,01,811595,Geld storten en opnemen,Available,True,2024-06-22 22:21:38
5143002,01,920495,Geldautomaat,Available,False,2024-06-22 22:21:39
5144002,01,920494,Geldautomaat,Available,False,2024-06-22 22:21:39
5151001,01,810777,Geld storten en opnemen,Available,True,2024-06-22 22:21:39
5151001,02,610584,Sealbag-automaat,Available,False,2024-06-22 22:21:39
5151003,01,910245,Geldautomaat,Available,False,2024-06-22 22:21:40
5161001,01,920438,Geldautomaat,Available,False,2024-06-22 22:21:40
5165001,01,920504,Geldautomaat,Available,False,2024-06-22 22:21:41
5171004,01,930095,Geldautomaat,Unavailable,False,2024-06-22 22:21:41
5171005,01,811333,Geld storten en opnemen,Available,True,2024-06-22 22:21:41
5171007,01,914346,Geldautomaat,Available,False,2024-06-22 22:21:42
5171007,02,611257,Sealbag-automaat,Available,False,2024-06-22 22:21:42
5171008,01,812714,Geld storten en opnemen,Available,True,2024-06-22 22:21:42
5175001,01,910334,Geldautomaat,Available,False,2024-06-22 22:21:43
5175002,01,812671,Geld storten en opnemen,Available,True,2024-06-22 22:21:43
5211001,01,611465,Sealbag-automaat,Available,False,2024-06-22 22:21:43
5211001,02,811809,Geld storten en opnemen,Unavailable,False,2024-06-22 22:21:43
5211001,03,913929,Geldautomaat,Unavailable,False,2024-06-22 22:21:43
5211001,04,913930,Geldautomaat,Available,False,2024-06-22 22:21:43
5211002,01,914723,Geldautomaat,Available,False,2024-06-22 22:21:44
5211002,02,811850,Geld storten en opnemen,Available,True,2024-06-22 22:21:44
5211003,01,911776,Geldautomaat,Available,False,2024-06-22 22:21:44
5211004,01,921253,Geldautomaat,Available,False,2024-06-22 22:21:45
5211009,01,811570,Geld storten en opnemen,Available,True,2024-06-22 22:21:45
5211010,01,611461,Sealbag-automaat,Available,False,2024-06-22 22:21:46
5211010,02,812957,Geld storten en opnemen,Available,True,2024-06-22 22:21:46
5211010,03,930045,Geldautomaat,Available,False,2024-06-22 22:21:46
5211012,01,812962,Geld storten en opnemen,Available,True,2024-06-22 22:21:46
5211012,02,812960,Geld storten en opnemen,Available,True,2024-06-22 22:21:46
5211012,03,812958,Geld storten en opnemen,Available,True,2024-06-22 22:21:46
5211012,04,812959,Geld storten en opnemen,Available,True,2024-06-22 22:21:46
5211012,05,812961,Geld storten en opnemen,Available,True,2024-06-22 22:21:46
5212001,01,921292,Geldautomaat,Unavailable,False,2024-06-22 22:21:47
5213001,01,910350,Geldautomaat,Available,False,2024-06-22 22:21:47
5213002,01,910448,Geldautomaat,Available,False,2024-06-22 22:21:47
5215001,01,920622,Geldautomaat,Available,False,2024-06-22 22:21:48
5216001,01,913886,Geldautomaat,Available,False,2024-06-22 22:21:48
5216002,01,910452,Geldautomaat,Available,False,2024-06-22 22:21:49
5223001,01,920628,Geldautomaat,Available,False,2024-06-22 22:21:49
5224001,01,911926,Geldautomaat,Available,False,2024-06-22 22:21:49
5224002,01,610256,Sealbag-automaat,Available,False,2024-06-22 22:21:50
5224002,02,911927,Geldautomaat,Available,False,2024-06-22 22:21:50
5224002,03,811248,Geld storten en opnemen,Available,True,2024-06-22 22:21:50
5224005,01,811003,Geld storten en opnemen,Available,True,2024-06-22 22:21:50
5233001,01,912027,Geldautomaat,Available,False,2024-06-22 22:21:50
5233002,01,920732,Geldautomaat,Available,False,2024-06-22 22:21:51
5235001,01,912779,Geldautomaat,Available,False,2024-06-22 22:21:51
5235002,01,811271,Geld storten en opnemen,Available,True,2024-06-22 22:21:52
5236002,01,913230,Geldautomaat,Available,False,2024-06-22 22:21:52
5241004,01,810596,Geld storten en opnemen,Available,True,2024-06-22 22:21:53
5241005,01,810595,Geld storten en opnemen,Available,True,2024-06-22 22:21:53
5241006,01,813061,Geld storten en opnemen,Available,True,2024-06-22 22:21:53
5242001,01,910351,Geldautomaat,Available,False,2024-06-22 22:21:54
5242002,01,611470,Sealbag-automaat,Available,False,2024-06-22 22:21:54
5242002,02,910352,Geldautomaat,Available,False,2024-06-22 22:21:54
5245001,01,910343,Geldautomaat,Available,False,2024-06-22 22:21:55
5246001,01,920611,Geldautomaat,Available,False,2024-06-22 22:21:55
5251001,01,914112,Geldautomaat,Available,False,2024-06-22 22:21:56
5251001,02,610606,Sealbag-automaat,Available,False,2024-06-22 22:21:56
5251002,01,811202,Geld storten en opnemen,Available,True,2024-06-22 22:21:56
5251003,01,913111,Geldautomaat,Available,False,2024-06-22 22:21:56
5256001,01,920645,Geldautomaat,Available,False,2024-06-22 22:21:57
5256001,02,610125,Sealbag-automaat,Available,False,2024-06-22 22:21:57
5258001,01,610080,Sealbag-automaat,Available,False,2024-06-22 22:21:57
5258001,02,920503,Geldautomaat,Available,False,2024-06-22 22:21:57
5261001,01,610499,Sealbag-automaat,Available,False,2024-06-22 22:21:58
5261001,02,810632,Geld storten en opnemen,Available,True,2024-06-22 22:21:58
5261003,01,930119,Geldautomaat,Available,False,2024-06-22 22:21:58
5268001,01,610124,Sealbag-automaat,Available,False,2024-06-22 22:22:00
5268001,02,921004,Geldautomaat,Available,False,2024-06-22 22:22:00
5271001,01,911812,Geldautomaat,Available,False,2024-06-22 22:22:00
5271003,01,811727,Geld storten en opnemen,Available,True,2024-06-22 22:22:01
5271003,02,611010,Sealbag-automaat,Available,False,2024-06-22 22:22:01
5271003,03,913688,Geldautomaat,Available,False,2024-06-22 22:22:01
5275001,01,920242,Geldautomaat,Available,False,2024-06-22 22:22:01
5281001,01,810147,Geld storten en opnemen,Available,True,2024-06-22 22:22:01
5281002,01,911594,Geldautomaat,Available,False,2024-06-22 22:22:02
5281004,01,811089,Geld storten en opnemen,Available,True,2024-06-22 22:22:03
5298001,01,910431,Geldautomaat,Available,False,2024-06-22 22:22:03
5301001,01,912524,Geldautomaat,Available,False,2024-06-22 22:22:03
5301002,01,611340,Sealbag-automaat,Available,False,2024-06-22 22:22:04
5301002,02,921024,Geldautomaat,Available,False,2024-06-22 22:22:04
5301004,01,811380,Geld storten en opnemen,Available,True,2024-06-22 22:22:04
5302001,01,812454,Geld storten en opnemen,Available,True,2024-06-22 22:22:05
5306001,01,610046,Sealbag-automaat,Available,False,2024-06-22 22:22:05
5306001,02,911503,Geldautomaat,Available,False,2024-06-22 22:22:05
5308001,01,910039,Geldautomaat,Available,False,2024-06-22 22:22:05
5317001,01,920055,Geldautomaat,Available,False,2024-06-22 22:22:06
5321001,01,920210,Geldautomaat,Available,False,2024-06-22 22:22:06
5324001,01,610051,Sealbag-automaat,Available,False,2024-06-22 22:22:07
5324001,02,920606,Geldautomaat,Available,False,2024-06-22 22:22:07
5328001,01,920352,Geldautomaat,Available,False,2024-06-22 22:22:07
5331001,01,811417,Geld storten en opnemen,Available,True,2024-06-22 22:22:07
5331003,01,611469,Sealbag-automaat,Available,False,2024-06-22 22:22:08
5331003,02,920950,Geldautomaat,Available,False,2024-06-22 22:22:08
5341001,01,912413,Geldautomaat,Available,False,2024-06-22 22:22:08
5341002,01,910027,Geldautomaat,Available,False,2024-06-22 22:22:09
5341006,01,920968,Geldautomaat,Available,False,2024-06-22 22:22:09
5341006,02,611194,Sealbag-automaat,Available,False,2024-06-22 22:22:09
5341008,01,812448,Geld storten en opnemen,Available,True,2024-06-22 22:22:09
5342001,01,812508,Geld storten en opnemen,Available,True,2024-06-22 22:22:10
5342001,02,911990,Geldautomaat,Available,False,2024-06-22 22:22:10
5344001,01,911885,Geldautomaat,Available,False,2024-06-22 22:22:10
5344002,01,920102,Geldautomaat,Available,False,2024-06-22 22:22:11
5344002,02,920103,Geldautomaat,Available,False,2024-06-22 22:22:11
5345001,01,913896,Geldautomaat,Available,False,2024-06-22 22:22:11
5345002,01,920261,Geldautomaat,Available,False,2024-06-22 22:22:11
5345002,02,920260,Geldautomaat,Available,False,2024-06-22 22:22:11
5345004,01,812711,Geld storten en opnemen,Available,True,2024-06-22 22:22:12
5351001,01,910329,Geldautomaat,Available,False,2024-06-22 22:22:12
5351002,01,921012,Geldautomaat,Available,False,2024-06-22 22:22:13
5361001,01,912112,Geldautomaat,Available,False,2024-06-22 22:22:13
5361003,01,811125,Geld storten en opnemen,Available,True,2024-06-22 22:22:13
5368001,01,812187,Geld storten en opnemen,Available,True,2024-06-22 22:22:14
5371002,01,812507,Geld storten en opnemen,Available,True,2024-06-22 22:22:14
5373001,01,910514,Geldautomaat,Available,False,2024-06-22 22:22:15
5374001,01,913090,Geldautomaat,Available,False,2024-06-22 22:22:15
5374002,01,812385,Geld storten en opnemen,Available,True,2024-06-22 22:22:15
5374002,02,610841,Sealbag-automaat,Available,False,2024-06-22 22:22:15
5374003,01,811358,Geld storten en opnemen,Available,True,2024-06-22 22:22:16
5375001,01,920612,Geldautomaat,Available,False,2024-06-22 22:22:16
5382001,01,920014,Geldautomaat,Available,False,2024-06-22 22:22:17
5384001,01,912314,Geldautomaat,Available,False,2024-06-22 22:22:17
5384004,01,811892,Geld storten en opnemen,Available,True,2024-06-22 22:22:17
5386001,01,920533,Geldautomaat,Available,False,2024-06-22 22:22:18
5386001,02,610108,Sealbag-automaat,Available,False,2024-06-22 22:22:18
5388001,01,610289,Sealbag-automaat,Available,False,2024-06-22 22:22:18
5388001,02,912015,Geldautomaat,Unavailable,False,2024-06-22 22:22:18
5391001,01,910335,Geldautomaat,Available,False,2024-06-22 22:22:19
5394001,01,920617,Geldautomaat,Available,False,2024-06-22 22:22:19
5397002,01,920064,Geldautomaat,Available,False,2024-06-22 22:22:19
5401001,01,810610,Geld storten en opnemen,Available,True,2024-06-22 22:22:20
5401001,02,810609,Geld storten en opnemen,Available,True,2024-06-22 22:22:20
5401001,03,610915,Sealbag-automaat,Available,False,2024-06-22 22:22:20
5401002,01,912462,Geldautomaat,Available,False,2024-06-22 22:22:20
5401005,01,811580,Geld storten en opnemen,Available,True,2024-06-22 22:22:21
5401007,01,812149,Geld storten en opnemen,Available,True,2024-06-22 22:22:21
5402001,01,930047,Geldautomaat,Available,False,2024-06-22 22:22:21
5403001,01,920690,Geldautomaat,Available,False,2024-06-22 22:22:22
5408001,01,920359,Geldautomaat,Unavailable,False,2024-06-22 22:22:22
5409001,01,920030,Geldautomaat,Available,False,2024-06-22 22:22:23
5411001,01,920380,Geldautomaat,Available,False,2024-06-22 22:22:23
5411001,02,610224,Sealbag-automaat,Available,False,2024-06-22 22:22:23
5421001,01,912284,Geldautomaat,Available,False,2024-06-22 22:22:23
5421003,01,811120,Geld storten en opnemen,Available,True,2024-06-22 22:22:24
5421005,01,812247,Geld storten en opnemen,Available,True,2024-06-22 22:22:24
5421007,01,812849,Geld storten en opnemen,Available,True,2024-06-22 22:22:25
5423001,01,910532,Geldautomaat,Available,False,2024-06-22 22:22:25
5424001,01,920427,Geldautomaat,Available,False,2024-06-22 22:22:25
5425001,01,920465,Geldautomaat,Available,False,2024-06-22 22:22:26
5427002,01,810453,Geld storten en opnemen,Available,True,2024-06-22 22:22:26
5427002,02,610371,Sealbag-automaat,Available,False,2024-06-22 22:22:26
5428001,01,920027,Geldautomaat,Available,False,2024-06-22 22:22:27
5431001,01,911603,Geldautomaat,Unavailable,False,2024-06-22 22:22:27
5431002,01,811097,Geld storten en opnemen,Unavailable,False,2024-06-22 22:22:27
5431002,02,920456,Geldautomaat,Available,False,2024-06-22 22:22:27
5431002,03,610635,Sealbag-automaat,Available,False,2024-06-22 22:22:27
5431005,01,811498,Geld storten en opnemen,Available,True,2024-06-22 22:22:28
5431006,01,812707,Geld storten en opnemen,Available,True,2024-06-22 22:22:28
5437001,01,920289,Geldautomaat,Available,False,2024-06-22 22:22:29
5443001,01,920049,Geldautomaat,Available,False,2024-06-22 22:22:29
5446001,01,920519,Geldautomaat,Available,False,2024-06-22 22:22:29
5451003,01,911483,Geldautomaat,Available,False,2024-06-22 22:22:30
5451004,01,811931,Geld storten en opnemen,Unavailable,False,2024-06-22 22:22:30
5451005,01,812572,Geld storten en opnemen,Available,True,2024-06-22 22:22:31
5461001,01,912467,Geldautomaat,Available,False,2024-06-22 22:22:31
5461005,01,611157,Sealbag-automaat,Available,False,2024-06-22 22:22:31
5461005,02,920579,Geldautomaat,Available,False,2024-06-22 22:22:31
5461006,01,811586,Geld storten en opnemen,Available,True,2024-06-22 22:22:32
5461006,02,812112,Geld storten en opnemen,Available,True,2024-06-22 22:22:32
5462001,01,920585,Geldautomaat,Available,False,2024-06-22 22:22:32
5465001,01,920081,Geldautomaat,Available,False,2024-06-22 22:22:33
5466001,01,920090,Geldautomaat,Available,False,2024-06-22 22:22:33
5469001,01,910426,Geldautomaat,Available,False,2024-06-22 22:22:33
5469002,01,910427,Geldautomaat,Available,False,2024-06-22 22:22:34
5472001,01,920521,Geldautomaat,Available,False,2024-06-22 22:22:34
5473001,01,811131,Geld storten en opnemen,Available,True,2024-06-22 22:22:35
5473002,01,920248,Geldautomaat,Available,False,2024-06-22 22:22:35
5473002,02,610581,Sealbag-automaat,Available,False,2024-06-22 22:22:35
5476001,01,920478,Geldautomaat,Available,False,2024-06-22 22:22:36
5481001,01,611488,Sealbag-automaat,Available,False,2024-06-22 22:22:36
5481001,02,811650,Geld storten en opnemen,Available,True,2024-06-22 22:22:36
5481002,01,811179,Geld storten en opnemen,Available,True,2024-06-22 22:22:36
5482001,01,910460,Geldautomaat,Available,False,2024-06-22 22:22:37
5492001,01,912452,Geldautomaat,Available,False,2024-06-22 22:22:37
5492002,01,811364,Geld storten en opnemen,Available,True,2024-06-22 22:22:37
5501001,01,911836,Geldautomaat,Available,False,2024-06-22 22:22:38
5501002,01,610209,Sealbag-automaat,Available,False,2024-06-22 22:22:38
5501002,02,810270,Geld storten en opnemen,Available,True,2024-06-22 22:22:38
5501006,01,811587,Geld storten en opnemen,Available,True,2024-06-22 22:22:39
5504001,01,910446,Geldautomaat,Available,False,2024-06-22 22:22:39
5504002,01,920493,Geldautomaat,Available,False,2024-06-22 22:22:39
5504005,01,812617,Geld storten en opnemen,Available,True,2024-06-22 22:22:40
5504006,01,914819,Geldautomaat,Available,False,2024-06-22 22:22:40
5505001,01,910559,Geldautomaat,Available,False,2024-06-22 22:22:41
5506001,01,911837,Geldautomaat,Available,False,2024-06-22 22:22:41
5507001,01,920479,Geldautomaat,Available,False,2024-06-22 22:22:41
5508001,01,920291,Geldautomaat,Available,False,2024-06-22 22:22:42
5512002,01,914111,Geldautomaat,Available,False,2024-06-22 22:22:42
5513001,01,920487,Geldautomaat,Available,False,2024-06-22 22:22:43
5521002,01,811112,Geld storten en opnemen,Available,True,2024-06-22 22:22:43
5521003,01,611319,Sealbag-automaat,Available,False,2024-06-22 22:22:43
5521003,02,920951,Geldautomaat,Available,False,2024-06-22 22:22:43
5521004,01,812523,Geld storten en opnemen,Available,True,2024-06-22 22:22:44
5527001,01,920726,Geldautomaat,Available,False,2024-06-22 22:22:44
5528001,01,920489,Geldautomaat,Available,False,2024-06-22 22:22:45
5531001,01,912220,Geldautomaat,Available,False,2024-06-22 22:22:45
5531003,01,811083,Geld storten en opnemen,Available,True,2024-06-22 22:22:46
5531005,01,813088,Geld storten en opnemen,Available,True,2024-06-22 22:22:46
5531005,02,611495,Sealbag-automaat,Available,False,2024-06-22 22:22:46
5541001,01,610167,Sealbag-automaat,Available,False,2024-06-22 22:22:46
5541001,02,810227,Geld storten en opnemen,Available,True,2024-06-22 22:22:46
5541002,01,812529,Geld storten en opnemen,Available,True,2024-06-22 22:22:47
5551001,01,920320,Geldautomaat,Available,False,2024-06-22 22:22:47
5554002,01,911829,Geldautomaat,Available,False,2024-06-22 22:22:48
5554005,01,811583,Geld storten en opnemen,Available,True,2024-06-22 22:22:48
5554008,01,812551,Geld storten en opnemen,Available,True,2024-06-22 22:22:48
5554008,02,611397,Sealbag-automaat,Available,False,2024-06-22 22:22:48
5556001,01,920691,Geldautomaat,Available,False,2024-06-22 22:22:49
5561001,01,920534,Geldautomaat,Available,False,2024-06-22 22:22:49
5571002,01,930132,Geldautomaat,Available,False,2024-06-22 22:22:50
5571004,01,914065,Geldautomaat,Available,False,2024-06-22 22:22:50
5571004,02,611090,Sealbag-automaat,Available,False,2024-06-22 22:22:50
5571005,01,812452,Geld storten en opnemen,Available,True,2024-06-22 22:22:50
5575001,01,920605,Geldautomaat,Available,False,2024-06-22 22:22:51
5581001,01,914689,Geldautomaat,Available,False,2024-06-22 22:22:51
5581002,01,910645,Geldautomaat,Available,False,2024-06-22 22:22:52
5582001,01,810269,Geld storten en opnemen,Available,True,2024-06-22 22:22:52
5582002,01,911848,Geldautomaat,Available,False,2024-06-22 22:22:52
5591001,01,912691,Geldautomaat,Available,False,2024-06-22 22:22:53
5591002,01,811132,Geld storten en opnemen,Available,True,2024-06-22 22:22:53
5591003,01,920956,Geldautomaat,Available,False,2024-06-22 22:22:54
5591003,02,610672,Sealbag-automaat,Available,False,2024-06-22 22:22:54
5595001,01,920543,Geldautomaat,Available,False,2024-06-22 22:22:54
5611003,01,912275,Geldautomaat,Available,False,2024-06-22 22:22:54
5611004,01,912276,Geldautomaat,Available,False,2024-06-22 22:22:55
5611008,01,910595,Geldautomaat,Available,False,2024-06-22 22:22:56
5611009,01,812300,Geld storten en opnemen,Available,True,2024-06-22 22:22:56
5611009,02,611297,Sealbag-automaat,Available,False,2024-06-22 22:22:56
5611009,03,811968,Geld storten en opnemen,Available,True,2024-06-22 22:22:56
5611013,01,810479,Geld storten en opnemen,Available,True,2024-06-22 22:22:56
5611017,01,611487,Sealbag-automaat,Available,False,2024-06-22 22:22:57
5611017,02,813068,Geld storten en opnemen,Unavailable,False,2024-06-22 22:22:57
5611017,03,914889,Geldautomaat,Available,False,2024-06-22 22:22:57
5611018,01,813073,Geld storten en opnemen,Available,True,2024-06-22 22:22:57
5611018,02,813071,Geld storten en opnemen,Available,True,2024-06-22 22:22:57
5611018,03,813070,Geld storten en opnemen,Available,True,2024-06-22 22:22:57
5611018,04,813069,Geld storten en opnemen,Available,True,2024-06-22 22:22:57
5611018,05,813072,Geld storten en opnemen,Unavailable,True,2024-06-22 22:22:57
5612002,01,914671,Geldautomaat,Unavailable,False,2024-06-22 22:22:58
5612002,02,914672,Geldautomaat,Available,False,2024-06-22 22:22:58
5612004,01,912835,Geldautomaat,Available,False,2024-06-22 22:22:58
5612005,01,920614,Geldautomaat,Available,False,2024-06-22 22:22:58
5613002,01,912764,Geldautomaat,Available,False,2024-06-22 22:22:59
5613003,01,811254,Geld storten en opnemen,Available,True,2024-06-22 22:22:59
5615001,01,810074,Geld storten en opnemen,Available,True,2024-06-22 22:23:00
5615002,01,911436,Geldautomaat,Available,False,2024-06-22 22:23:00
5615003,01,910537,Geldautomaat,Available,False,2024-06-22 22:23:01
5615005,01,811043,Geld storten en opnemen,Available,True,2024-06-22 22:23:01
5616001,01,912808,Geldautomaat,Unavailable,False,2024-06-22 22:23:02
5616003,01,920600,Geldautomaat,Available,False,2024-06-22 22:23:02
5625001,01,912570,Geldautomaat,Available,False,2024-06-22 22:23:02
5625005,01,812065,Geld storten en opnemen,Available,True,2024-06-22 22:23:03
5625006,01,811615,Geld storten en opnemen,Available,True,2024-06-22 22:23:03
5625008,01,920208,Geldautomaat,Unavailable,False,2024-06-22 22:23:04
5625008,02,812939,Geld storten en opnemen,Available,True,2024-06-22 22:23:04
5625008,03,611458,Sealbag-automaat,Available,False,2024-06-22 22:23:04
5625009,01,812943,Geld storten en opnemen,Available,True,2024-06-22 22:23:04
5625009,02,812941,Geld storten en opnemen,Available,True,2024-06-22 22:23:04
5625009,03,812944,Geld storten en opnemen,Available,True,2024-06-22 22:23:04
5625009,04,812940,Geld storten en opnemen,Unavailable,False,2024-06-22 22:23:04
5625009,05,812942,Geld storten en opnemen,Available,True,2024-06-22 22:23:04
5627001,01,910934,Geldautomaat,Available,False,2024-06-22 22:23:04
5627002,01,811009,Geld storten en opnemen,Available,True,2024-06-22 22:23:05
5628001,01,910691,Geldautomaat,Available,False,2024-06-22 22:23:05
5628002,01,910744,Geldautomaat,Available,False,2024-06-22 22:23:06
5629001,01,910510,Geldautomaat,Available,False,2024-06-22 22:23:06
5631001,01,910511,Geldautomaat,Available,False,2024-06-22 22:23:06
5632001,01,910529,Geldautomaat,Available,False,2024-06-22 22:23:07
5632003,01,921247,Geldautomaat,Available,False,2024-06-22 22:23:07
5632004,01,913272,Geldautomaat,Available,False,2024-06-22 22:23:07
5643001,01,914658,Geldautomaat,Available,False,2024-06-22 22:23:08
5643002,01,910535,Geldautomaat,Available,False,2024-06-22 22:23:08
5644001,01,910549,Geldautomaat,Available,False,2024-06-22 22:23:09
5645001,01,921246,Geldautomaat,Available,False,2024-06-22 22:23:09
5652003,01,910612,Geldautomaat,Available,False,2024-06-22 22:23:10
5653001,01,921018,Geldautomaat,Available,False,2024-06-22 22:23:10
5654002,01,910615,Geldautomaat,Available,False,2024-06-22 22:23:11
5654003,01,920530,Geldautomaat,Available,False,2024-06-22 22:23:11
5654005,01,811907,Geld storten en opnemen,Available,True,2024-06-22 22:23:12
5658001,01,911976,Geldautomaat,Available,False,2024-06-22 22:23:12
5662001,01,910617,Geldautomaat,Available,False,2024-06-22 22:23:12
5663001,01,910618,Geldautomaat,Available,False,2024-06-22 22:23:13
5664001,01,912111,Geldautomaat,Available,False,2024-06-22 22:23:13
5664003,01,920757,Geldautomaat,Available,False,2024-06-22 22:23:13
5664003,02,811119,Geld storten en opnemen,Available,True,2024-06-22 22:23:13
5664003,03,610629,Sealbag-automaat,Available,False,2024-06-22 22:23:13
5664007,01,811514,Geld storten en opnemen,Available,True,2024-06-22 22:23:14
5665001,01,910689,Geldautomaat,Available,False,2024-06-22 22:23:14
5671001,01,810203,Geld storten en opnemen,Available,True,2024-06-22 22:23:15
5671001,02,610151,Sealbag-automaat,Available,False,2024-06-22 22:23:15
5671002,01,911731,Geldautomaat,Available,False,2024-06-22 22:23:15
5671003,01,811348,Geld storten en opnemen,Available,True,2024-06-22 22:23:15
5672002,01,910626,Geldautomaat,Available,False,2024-06-22 22:23:16
5672003,01,812616,Geld storten en opnemen,Available,True,2024-06-22 22:23:16
5683001,01,810143,Geld storten en opnemen,Available,True,2024-06-22 22:23:17
5683001,02,610083,Sealbag-automaat,Available,False,2024-06-22 22:23:17
5683003,01,911587,Geldautomaat,Available,False,2024-06-22 22:23:17
5683004,01,811081,Geld storten en opnemen,Available,True,2024-06-22 22:23:17
5684001,01,910715,Geldautomaat,Available,False,2024-06-22 22:23:18
5684002,01,920545,Geldautomaat,Available,False,2024-06-22 22:23:18
5684003,01,812591,Geld storten en opnemen,Available,False,2024-06-22 22:23:19
5685001,01,910707,Geldautomaat,Available,False,2024-06-22 22:23:19
5688001,01,810206,Geld storten en opnemen,Available,True,2024-06-22 22:23:19
5688001,02,610154,Sealbag-automaat,Available,False,2024-06-22 22:23:19
5688002,01,911734,Geldautomaat,Available,False,2024-06-22 22:23:20
5688004,01,812863,Geld storten en opnemen,Available,True,2024-06-22 22:23:20
5691001,01,610186,Sealbag-automaat,Available,False,2024-06-22 22:23:21
5691001,02,810240,Geld storten en opnemen,Unavailable,False,2024-06-22 22:23:21
5691002,01,911803,Geldautomaat,Available,False,2024-06-22 22:23:21
5691003,01,811575,Geld storten en opnemen,Available,True,2024-06-22 22:23:21
5694001,01,920324,Geldautomaat,Available,False,2024-06-22 22:23:22
5701001,01,812432,Geld storten en opnemen,Available,True,2024-06-22 22:23:22
5701002,01,912326,Geldautomaat,Available,False,2024-06-22 22:23:23
5701003,01,913895,Geldautomaat,Unavailable,False,2024-06-22 22:23:23
5701006,01,913581,Geldautomaat,Available,False,2024-06-22 22:23:23
5701006,02,811972,Geld storten en opnemen,Available,True,2024-06-22 22:23:23
5701006,03,610945,Sealbag-automaat,Available,False,2024-06-22 22:23:23
5701009,01,810517,Geld storten en opnemen,Available,True,2024-06-22 22:23:24
5701009,02,810518,Geld storten en opnemen,Available,True,2024-06-22 22:23:24
5702001,01,920370,Geldautomaat,Available,False,2024-06-22 22:23:24
5702002,01,812458,Geld storten en opnemen,Available,True,2024-06-22 22:23:25
5703002,01,912995,Geldautomaat,Available,False,2024-06-22 22:23:25
5704001,01,910679,Geldautomaat,Available,False,2024-06-22 22:23:25
5704002,01,920525,Geldautomaat,Available,False,2024-06-22 22:23:26
5706001,01,812180,Geld storten en opnemen,Available,True,2024-06-22 22:23:26
5706001,02,920371,Geldautomaat,Available,False,2024-06-22 22:23:26
5707001,01,920080,Geldautomaat,Available,False,2024-06-22 22:23:27
5707003,01,813103,Geld storten en opnemen,Available,True,2024-06-22 22:23:27
5708001,01,911883,Geldautomaat,Available,False,2024-06-22 22:23:27
5708002,01,911884,Geldautomaat,Available,False,2024-06-22 22:23:28
5708003,01,920499,Geldautomaat,Available,False,2024-06-22 22:23:28
5711001,01,813049,Geld storten en opnemen,Available,True,2024-06-22 22:23:29
5711001,02,611482,Sealbag-automaat,Available,False,2024-06-22 22:23:29
5711002,01,921149,Geldautomaat,Available,False,2024-06-22 22:23:29
5711003,01,911802,Geldautomaat,Available,False,2024-06-22 22:23:30
5711003,02,810247,Geld storten en opnemen,Available,True,2024-06-22 22:23:30
5711003,03,610183,Sealbag-automaat,Available,False,2024-06-22 22:23:30
5711004,01,811362,Geld storten en opnemen,Available,True,2024-06-22 22:23:30
5712001,01,910906,Geldautomaat,Available,False,2024-06-22 22:23:31
5721002,01,912664,Geldautomaat,Available,False,2024-06-22 22:23:31
5721005,01,811862,Geld storten en opnemen,Available,True,2024-06-22 22:23:31
5721006,01,611471,Sealbag-automaat,Available,False,2024-06-22 22:23:32
5721006,02,813005,Geld storten en opnemen,Available,True,2024-06-22 22:23:32
5725001,01,920018,Geldautomaat,Available,False,2024-06-22 22:23:32
5731001,01,912701,Geldautomaat,Available,False,2024-06-22 22:23:33
5731002,01,811147,Geld storten en opnemen,Available,True,2024-06-22 22:23:33
5735001,01,910846,Geldautomaat,Available,False,2024-06-22 22:23:33
5737001,01,812071,Geld storten en opnemen,Available,True,2024-06-22 22:23:34
5738001,01,920656,Geldautomaat,Available,False,2024-06-22 22:23:34
5741003,01,914729,Geldautomaat,Available,False,2024-06-22 22:23:35
5741003,02,611392,Sealbag-automaat,Available,False,2024-06-22 22:23:35
5741003,03,812480,Geld storten en opnemen,Available,True,2024-06-22 22:23:35
5751001,01,921180,Geldautomaat,Available,False,2024-06-22 22:23:35
5751002,01,913483,Geldautomaat,Available,False,2024-06-22 22:23:36
5751002,02,610317,Sealbag-automaat,Available,False,2024-06-22 22:23:36
5751003,01,910921,Geldautomaat,Available,False,2024-06-22 22:23:36
5751005,01,811101,Geld storten en opnemen,Available,True,2024-06-22 22:23:36
5751008,01,812564,Geld storten en opnemen,Available,True,2024-06-22 22:23:37
5753001,01,920078,Geldautomaat,Available,False,2024-06-22 22:23:37
5757001,01,910851,Geldautomaat,Available,False,2024-06-22 22:23:38
5758001,01,910888,Geldautomaat,Available,False,2024-06-22 22:23:38
5759001,01,920142,Geldautomaat,Available,False,2024-06-22 22:23:38
5761001,01,920589,Geldautomaat,Available,False,2024-06-22 22:23:39
5761001,02,920548,Geldautomaat,Available,False,2024-06-22 22:23:39
5761001,03,610074,Sealbag-automaat,Available,False,2024-06-22 22:23:39
5763001,01,920659,Geldautomaat,Available,False,2024-06-22 22:23:39
5764001,01,920388,Geldautomaat,Available,False,2024-06-22 22:23:40
5768001,01,920389,Geldautomaat,Available,False,2024-06-22 22:23:40
5801001,01,914652,Geldautomaat,Available,False,2024-06-22 22:23:40
5801002,01,912486,Geldautomaat,Available,False,2024-06-22 22:23:41
5801006,01,811199,Geld storten en opnemen,Available,True,2024-06-22 22:23:41
5801008,01,812364,Geld storten en opnemen,Available,True,2024-06-22 22:23:42
5801009,01,930013,Geldautomaat,Available,False,2024-06-22 22:23:42
5802001,01,610968,Sealbag-automaat,Available,False,2024-06-22 22:23:42
5802001,02,811429,Geld storten en opnemen,Unavailable,False,2024-06-22 22:23:42
5802001,03,811857,Geld storten en opnemen,Available,True,2024-06-22 22:23:42
5807001,01,920654,Geldautomaat,Available,False,2024-06-22 22:23:43
5809001,01,920658,Geldautomaat,Available,False,2024-06-22 22:23:43
5813001,01,910838,Geldautomaat,Available,False,2024-06-22 22:23:44
5821001,01,920655,Geldautomaat,Available,False,2024-06-22 22:23:44
5825001,01,610163,Sealbag-automaat,Available,False,2024-06-22 22:23:45
5825001,02,911755,Geldautomaat,Available,False,2024-06-22 22:23:45
5831002,01,610625,Sealbag-automaat,Available,False,2024-06-22 22:23:45
5831002,02,811088,Geld storten en opnemen,Available,True,2024-06-22 22:23:45
5831002,03,912887,Geldautomaat,Available,False,2024-06-22 22:23:45
5831004,01,921228,Geldautomaat,Available,False,2024-06-22 22:23:45
5831006,01,812855,Geld storten en opnemen,Available,True,2024-06-22 22:23:46
5841001,01,920687,Geldautomaat,Available,False,2024-06-22 22:23:46
5845001,01,920715,Geldautomaat,Available,False,2024-06-22 22:23:46
5845001,02,610189,Sealbag-automaat,Available,False,2024-06-22 22:23:46
5851001,01,920970,Geldautomaat,Available,False,2024-06-22 22:23:47
5853001,01,910771,Geldautomaat,Available,False,2024-06-22 22:23:47
5854001,01,810082,Geld storten en opnemen,Available,True,2024-06-22 22:23:48
5854001,02,610021,Sealbag-automaat,Available,False,2024-06-22 22:23:48
5854004,01,921326,Geldautomaat,Available,False,2024-06-22 22:23:48
5861002,01,912898,Geldautomaat,Available,False,2024-06-22 22:23:49
5864001,01,910729,Geldautomaat,Available,False,2024-06-22 22:23:49
5911001,01,912484,Geldautomaat,Available,False,2024-06-22 22:23:50
5911004,01,813030,Geld storten en opnemen,Available,True,2024-06-22 22:23:50
5911004,02,611066,Sealbag-automaat,Available,False,2024-06-22 22:23:50
5911004,03,914712,Geldautomaat,Available,False,2024-06-22 22:23:50
5911006,01,810635,Geld storten en opnemen,Available,True,2024-06-22 22:23:51
5912001,01,910638,Geldautomaat,Available,False,2024-06-22 22:23:51
5912002,01,812893,Geld storten en opnemen,Available,True,2024-06-22 22:23:51
5913001,01,920803,Geldautomaat,Available,False,2024-06-22 22:23:52
5914001,01,910705,Geldautomaat,Available,False,2024-06-22 22:23:52
5915001,01,910639,Geldautomaat,Available,False,2024-06-22 22:23:53
5916002,01,914861,Geldautomaat,Available,False,2024-06-22 22:23:53
5921002,01,811084,Geld storten en opnemen,Available,True,2024-06-22 22:23:53
5921003,01,610571,Sealbag-automaat,Available,False,2024-06-22 22:23:54
5921003,02,920214,Geldautomaat,Available,False,2024-06-22 22:23:54
5921003,03,920217,Geldautomaat,Available,False,2024-06-22 22:23:54
5921005,01,812560,Geld storten en opnemen,Available,True,2024-06-22 22:23:54
5922001,01,921016,Geldautomaat,Unavailable,False,2024-06-22 22:23:55
5931001,01,610604,Sealbag-automaat,Available,False,2024-06-22 22:23:55
5931001,02,812549,Geld storten en opnemen,Available,True,2024-06-22 22:23:55
5931003,01,912714,Geldautomaat,Available,False,2024-06-22 22:23:55
5931006,01,812191,Geld storten en opnemen,Available,True,2024-06-22 22:23:56
5932001,01,920643,Geldautomaat,Available,False,2024-06-22 22:23:56
5941001,01,911544,Geldautomaat,Available,False,2024-06-22 22:23:57
5941001,02,610064,Sealbag-automaat,Available,False,2024-06-22 22:23:57
5944002,01,921006,Geldautomaat,Available,False,2024-06-22 22:23:57
5951002,01,812379,Geld storten en opnemen,Available,True,2024-06-22 22:23:57
5953001,01,610979,Sealbag-automaat,Available,False,2024-06-22 22:23:58
5953001,02,810210,Geld storten en opnemen,Unavailable,False,2024-06-22 22:23:58
5953003,01,811356,Geld storten en opnemen,Available,True,2024-06-22 22:23:58
5961001,01,912342,Geldautomaat,Available,False,2024-06-22 22:23:58
5961005,01,811865,Geld storten en opnemen,Available,True,2024-06-22 22:23:59
5961007,01,813008,Geld storten en opnemen,Available,True,2024-06-22 22:23:59
5961007,02,611473,Sealbag-automaat,Available,False,2024-06-22 22:23:59
5963001,01,910032,Geldautomaat,Available,False,2024-06-22 22:24:00
5971001,01,910706,Geldautomaat,Available,False,2024-06-22 22:24:00
5973001,01,920849,Geldautomaat,Available,False,2024-06-22 22:24:01
5975001,01,610060,Sealbag-automaat,Available,False,2024-06-22 22:24:01
5975001,02,911536,Geldautomaat,Available,False,2024-06-22 22:24:01
5975002,01,812688,Geld storten en opnemen,Available,True,2024-06-22 22:24:01
5981001,01,810101,Geld storten en opnemen,Available,True,2024-06-22 22:24:02
5981001,02,610034,Sealbag-automaat,Available,False,2024-06-22 22:24:02
5981005,01,811165,Geld storten en opnemen,Available,True,2024-06-22 22:24:02
5986001,01,920639,Geldautomaat,Available,False,2024-06-22 22:24:03
5988001,01,920253,Geldautomaat,Available,False,2024-06-22 22:24:03
5991001,01,920209,Geldautomaat,Available,False,2024-06-22 22:24:03
5991001,02,610043,Sealbag-automaat,Available,False,2024-06-22 22:24:03
5993001,01,920278,Geldautomaat,Available,False,2024-06-22 22:24:04
5995001,01,920866,Geldautomaat,Available,False,2024-06-22 22:24:04
6001001,01,912499,Geldautomaat,Available,False,2024-06-22 22:24:04
6001004,01,914117,Geldautomaat,Available,False,2024-06-22 22:24:05
6001004,02,914118,Geldautomaat,Available,False,2024-06-22 22:24:05
6001004,03,611249,Sealbag-automaat,Available,False,2024-06-22 22:24:05
6001005,01,811598,Geld storten en opnemen,Available,True,2024-06-22 22:24:05
6001006,01,810644,Geld storten en opnemen,Available,True,2024-06-22 22:24:06
6002001,01,910585,Geldautomaat,Unavailable,False,2024-06-22 22:24:06
6004002,01,812141,Geld storten en opnemen,Available,True,2024-06-22 22:24:06
6006004,01,920441,Geldautomaat,Available,False,2024-06-22 22:24:07
6006005,01,930001,Geldautomaat,Available,False,2024-06-22 22:24:08
6011001,01,910613,Geldautomaat,Available,False,2024-06-22 22:24:08
6017001,01,910606,Geldautomaat,Available,False,2024-06-22 22:24:08
6019001,01,920964,Geldautomaat,Available,False,2024-06-22 22:24:09
6021002,01,911601,Geldautomaat,Available,False,2024-06-22 22:24:09
6021003,01,811922,Geld storten en opnemen,Available,True,2024-06-22 22:24:10
6026001,01,812395,Geld storten en opnemen,Available,True,2024-06-22 22:24:10
6026001,02,914605,Geldautomaat,Available,False,2024-06-22 22:24:10
6027001,01,920707,Geldautomaat,Available,False,2024-06-22 22:24:11
6029001,01,920709,Geldautomaat,Available,False,2024-06-22 22:24:11
6031001,01,911981,Geldautomaat,Unavailable,False,2024-06-22 22:24:11
6031001,02,911982,Geldautomaat,Unavailable,False,2024-06-22 22:24:11
6035001,01,910547,Geldautomaat,Available,False,2024-06-22 22:24:12
6039001,01,811994,Geld storten en opnemen,Available,True,2024-06-22 22:24:12
6041002,01,611021,Sealbag-automaat,Available,False,2024-06-22 22:24:13
6041002,02,813012,Geld storten en opnemen,Unavailable,False,2024-06-22 22:24:13
6041003,01,910439,Geldautomaat,Available,False,2024-06-22 22:24:13
6042002,01,911961,Geldautomaat,Available,False,2024-06-22 22:24:13
6042002,02,610266,Sealbag-automaat,Available,False,2024-06-22 22:24:13
6042002,03,811270,Geld storten en opnemen,Available,True,2024-06-22 22:24:13
6042003,01,930094,Geldautomaat,Available,False,2024-06-22 22:24:14
6043001,01,920711,Geldautomaat,Available,False,2024-06-22 22:24:14
6043001,02,920708,Geldautomaat,Available,False,2024-06-22 22:24:14
6043003,01,920037,Geldautomaat,Available,False,2024-06-22 22:24:15
6045001,01,910443,Geldautomaat,Available,False,2024-06-22 22:24:15
6049001,01,910430,Geldautomaat,Available,False,2024-06-22 22:24:15
6051005,01,812100,Geld storten en opnemen,Available,True,2024-06-22 22:24:16
6061001,01,920321,Geldautomaat,Available,False,2024-06-22 22:24:16
6063001,01,920693,Geldautomaat,Available,False,2024-06-22 22:24:17
6065001,01,920701,Geldautomaat,Available,False,2024-06-22 22:24:17
6067001,01,910515,Geldautomaat,Available,False,2024-06-22 22:24:18
6071001,01,811186,Geld storten en opnemen,Available,True,2024-06-22 22:24:18
6071002,01,610597,Sealbag-automaat,Available,False,2024-06-22 22:24:18
6071002,02,912713,Geldautomaat,Available,False,2024-06-22 22:24:18
6074001,01,910518,Geldautomaat,Available,False,2024-06-22 22:24:19
6075002,01,810513,Geld storten en opnemen,Available,True,2024-06-22 22:24:19
6081001,01,910512,Geldautomaat,Available,False,2024-06-22 22:24:20
6085001,01,920765,Geldautomaat,Available,False,2024-06-22 22:24:20
6086001,01,910519,Geldautomaat,Available,False,2024-06-22 22:24:20
6088001,01,920772,Geldautomaat,Available,False,2024-06-22 22:24:21
6093002,01,920779,Geldautomaat,Available,False,2024-06-22 22:24:21
6093002,02,610743,Sealbag-automaat,Available,False,2024-06-22 22:24:21
6093003,01,811034,Geld storten en opnemen,Available,True,2024-06-22 22:24:22
6095001,01,910508,Geldautomaat,Available,False,2024-06-22 22:24:22
6096001,01,920039,Geldautomaat,Available,False,2024-06-22 22:24:22
6097001,01,912006,Geldautomaat,Available,False,2024-06-22 22:24:23
6097001,02,610287,Sealbag-automaat,Available,False,2024-06-22 22:24:23
6101002,01,912606,Geldautomaat,Available,False,2024-06-22 22:24:24
6101004,01,914145,Geldautomaat,Available,False,2024-06-22 22:24:24
6101004,02,812453,Geld storten en opnemen,Unavailable,False,2024-06-22 22:24:24
6101004,03,611133,Sealbag-automaat,Available,False,2024-06-22 22:24:24
6101005,01,811508,Geld storten en opnemen,Available,True,2024-06-22 22:24:25
6102001,01,910169,Geldautomaat,Available,False,2024-06-22 22:24:25
6114001,01,921008,Geldautomaat,Available,False,2024-06-22 22:24:25
6114001,02,610194,Sealbag-automaat,Available,False,2024-06-22 22:24:25
6114002,01,812695,Geld storten en opnemen,Available,True,2024-06-22 22:24:26
6116001,01,910180,Geldautomaat,Available,False,2024-06-22 22:24:26
6118002,01,921023,Geldautomaat,Available,False,2024-06-22 22:24:27
6121001,01,610045,Sealbag-automaat,Available,False,2024-06-22 22:24:27
6121001,02,911502,Geldautomaat,Available,False,2024-06-22 22:24:27
6121001,03,810113,Geld storten en opnemen,Available,True,2024-06-22 22:24:27
6125001,01,910179,Geldautomaat,Available,False,2024-06-22 22:24:27
6127001,01,910168,Geldautomaat,Available,False,2024-06-22 22:24:28
6129001,01,920729,Geldautomaat,Available,False,2024-06-22 22:24:28
6131002,01,911793,Geldautomaat,Available,False,2024-06-22 22:24:29
6131003,01,911794,Geldautomaat,Available,False,2024-06-22 22:24:29
6131004,01,810243,Geld storten en opnemen,Available,False,2024-06-22 22:24:29
6131004,02,610182,Sealbag-automaat,Available,False,2024-06-22 22:24:29
6131004,03,913619,Geldautomaat,Available,False,2024-06-22 22:24:29
6131010,01,811574,Geld storten en opnemen,Available,True,2024-06-22 22:24:30
6132001,01,920716,Geldautomaat,Available,False,2024-06-22 22:24:30
6135001,01,910175,Geldautomaat,Available,False,2024-06-22 22:24:31
6135002,01,921235,Geldautomaat,Available,False,2024-06-22 22:24:31
6137001,01,920662,Geldautomaat,Available,False,2024-06-22 22:24:31
6141001,01,920522,Geldautomaat,Available,False,2024-06-22 22:24:32
6151001,01,920524,Geldautomaat,Available,False,2024-06-22 22:24:32
6161001,01,810167,Geld storten en opnemen,Available,True,2024-06-22 22:24:33
6161002,01,911648,Geldautomaat,Available,False,2024-06-22 22:24:33
6161003,01,610784,Sealbag-automaat,Available,False,2024-06-22 22:24:33
6161003,02,920428,Geldautomaat,Available,False,2024-06-22 22:24:33
6161005,01,811633,Geld storten en opnemen,Available,True,2024-06-22 22:24:34
6162001,01,920070,Geldautomaat,Available,False,2024-06-22 22:24:34
6163001,01,910227,Geldautomaat,Available,False,2024-06-22 22:24:35
6164002,01,910276,Geldautomaat,Available,False,2024-06-22 22:24:35
6164003,01,920505,Geldautomaat,Available,False,2024-06-22 22:24:35
6166001,01,910263,Geldautomaat,Available,False,2024-06-22 22:24:36
6171001,01,810105,Geld storten en opnemen,Available,True,2024-06-22 22:24:36
6171002,01,920290,Geldautomaat,Available,False,2024-06-22 22:24:37
6171004,01,811900,Geld storten en opnemen,Available,True,2024-06-22 22:24:37
6176001,01,910267,Geldautomaat,Available,False,2024-06-22 22:24:38
6181001,01,910235,Geldautomaat,Available,False,2024-06-22 22:24:38
6191001,01,811076,Geld storten en opnemen,Available,True,2024-06-22 22:24:38
6191002,01,912666,Geldautomaat,Available,False,2024-06-22 22:24:39
6191004,01,911962,Geldautomaat,Available,False,2024-06-22 22:24:39
6191007,01,611259,Sealbag-automaat,Available,False,2024-06-22 22:24:39
6191007,02,812280,Geld storten en opnemen,Available,True,2024-06-22 22:24:39
6191008,01,812698,Geld storten en opnemen,Available,True,2024-06-22 22:24:40
6211001,01,810379,Geld storten en opnemen,Available,True,2024-06-22 22:24:40
6211002,01,610327,Sealbag-automaat,Available,False,2024-06-22 22:24:41
6211002,02,912123,Geldautomaat,Available,False,2024-06-22 22:24:41
6211003,01,912118,Geldautomaat,Available,False,2024-06-22 22:24:41
6211004,01,912120,Geldautomaat,Available,False,2024-06-22 22:24:42
6211004,02,912119,Geldautomaat,Available,False,2024-06-22 22:24:42
6211006,01,912122,Geldautomaat,Available,False,2024-06-22 22:24:42
6211011,01,914314,Geldautomaat,Available,False,2024-06-22 22:24:42
6216001,01,912185,Geldautomaat,Available,False,2024-06-22 22:24:43
6216003,01,810417,Geld storten en opnemen,Available,True,2024-06-22 22:24:43
6217001,01,921049,Geldautomaat,Unavailable,False,2024-06-22 22:24:44
6217002,01,610047,Sealbag-automaat,Available,False,2024-06-22 22:24:44
6217002,02,911505,Geldautomaat,Unavailable,False,2024-06-22 22:24:44
6217003,01,813010,Geld storten en opnemen,Available,True,2024-06-22 22:24:44
6217003,02,920745,Geldautomaat,Available,False,2024-06-22 22:24:44
6221002,01,912700,Geldautomaat,Available,False,2024-06-22 22:24:45
6224001,01,812425,Geld storten en opnemen,Available,True,2024-06-22 22:24:46
6224002,01,910266,Geldautomaat,Available,False,2024-06-22 22:24:47
6225001,01,920699,Geldautomaat,Available,False,2024-06-22 22:24:47
6226001,01,911924,Geldautomaat,Available,False,2024-06-22 22:24:47
6227001,01,810309,Geld storten en opnemen,Available,True,2024-06-22 22:24:48
6227001,02,610255,Sealbag-automaat,Available,False,2024-06-22 22:24:48
6227005,01,812587,Geld storten en opnemen,Available,True,2024-06-22 22:24:48
6229001,01,811227,Geld storten en opnemen,Unavailable,False,2024-06-22 22:24:49
6229002,01,920748,Geldautomaat,Available,False,2024-06-22 22:24:49
6231002,01,810556,Geld storten en opnemen,Available,True,2024-06-22 22:24:50
6231003,01,812895,Geld storten en opnemen,Available,True,2024-06-22 22:24:50
6235001,01,910051,Geldautomaat,Available,False,2024-06-22 22:24:50
6241001,01,910232,Geldautomaat,Available,False,2024-06-22 22:24:51
6241002,01,910233,Geldautomaat,Available,False,2024-06-22 22:24:51
6245003,01,810691,Geld storten en opnemen,Available,True,2024-06-22 22:24:52
6245003,02,912588,Geldautomaat,Available,False,2024-06-22 22:24:52
6247001,01,920121,Geldautomaat,Available,False,2024-06-22 22:24:52
6261001,01,910258,Geldautomaat,Available,False,2024-06-22 22:24:52
6267001,01,920714,Geldautomaat,Available,False,2024-06-22 22:24:53
6269002,01,813031,Geld storten en opnemen,Available,True,2024-06-22 22:24:53
6271001,01,610898,Sealbag-automaat,Available,False,2024-06-22 22:24:54
6271001,02,810971,Geld storten en opnemen,Available,True,2024-06-22 22:24:54
6271002,01,811328,Geld storten en opnemen,Available,True,2024-06-22 22:24:54
6271004,01,812607,Geld storten en opnemen,Available,True,2024-06-22 22:24:54
6281001,01,910255,Geldautomaat,Available,False,2024-06-22 22:24:55
6291001,01,810825,Geld storten en opnemen,Available,True,2024-06-22 22:24:55
6291002,01,811195,Geld storten en opnemen,Available,True,2024-06-22 22:24:56
6291003,01,912717,Geldautomaat,Available,False,2024-06-22 22:24:56
6291005,01,610792,Sealbag-automaat,Available,False,2024-06-22 22:24:56
6294001,01,812198,Geld storten en opnemen,Available,True,2024-06-22 22:24:57
6301001,01,810611,Geld storten en opnemen,Unavailable,False,2024-06-22 22:24:57
6301001,02,611439,Sealbag-automaat,Available,False,2024-06-22 22:24:57
6301002,01,912464,Geldautomaat,Available,False,2024-06-22 22:24:57
6325001,01,910321,Geldautomaat,Available,False,2024-06-22 22:24:58
6333001,01,910364,Geldautomaat,Available,False,2024-06-22 22:24:58
6336001,01,910332,Geldautomaat,Available,False,2024-06-22 22:24:59
6336002,01,920317,Geldautomaat,Available,False,2024-06-22 22:24:59
6351001,01,920771,Geldautomaat,Available,False,2024-06-22 22:24:59
6361002,01,813046,Geld storten en opnemen,Available,True,2024-06-22 22:25:00
6365001,01,920773,Geldautomaat,Available,False,2024-06-22 22:25:00
6367002,01,920756,Geldautomaat,Available,False,2024-06-22 22:25:01
6367002,02,610082,Sealbag-automaat,Available,False,2024-06-22 22:25:01
6369001,01,811180,Geld storten en opnemen,Available,True,2024-06-22 22:25:01
6369002,01,912805,Geldautomaat,Available,False,2024-06-22 22:25:01
6369002,02,610612,Sealbag-automaat,Available,False,2024-06-22 22:25:01
6371001,01,811335,Geld storten en opnemen,Available,True,2024-06-22 22:25:02
6371004,01,920910,Geldautomaat,Available,False,2024-06-22 22:25:02
6372001,01,610796,Sealbag-automaat,Available,False,2024-06-22 22:25:03
6372001,02,811041,Geld storten en opnemen,Available,True,2024-06-22 22:25:03
6374001,01,910368,Geldautomaat,Available,False,2024-06-22 22:25:03
6411002,01,912312,Geldautomaat,Available,False,2024-06-22 22:25:04
6411003,01,912313,Geldautomaat,Available,False,2024-06-22 22:25:04
6411009,01,913275,Geldautomaat,Available,False,2024-06-22 22:25:05
6411009,02,811130,Geld storten en opnemen,Available,True,2024-06-22 22:25:05
6411009,03,610758,Sealbag-automaat,Available,False,2024-06-22 22:25:05
6413001,01,811247,Geld storten en opnemen,Available,True,2024-06-22 22:25:05
6413003,01,912759,Geldautomaat,Available,False,2024-06-22 22:25:06
6415001,01,930152,Geldautomaat,Available,False,2024-06-22 22:25:06
6416001,01,921047,Geldautomaat,Available,False,2024-06-22 22:25:07
6418001,01,920551,Geldautomaat,Available,False,2024-06-22 22:25:07
6419001,01,920299,Geldautomaat,Available,False,2024-06-22 22:25:08
6419003,01,921009,Geldautomaat,Available,False,2024-06-22 22:25:08
6431001,01,810514,Geld storten en opnemen,Available,True,2024-06-22 22:25:09
6431001,02,610420,Sealbag-automaat,Available,False,2024-06-22 22:25:09
6431002,01,910345,Geldautomaat,Available,False,2024-06-22 22:25:09
6431003,01,910348,Geldautomaat,Available,False,2024-06-22 22:25:09
6438001,01,610279,Sealbag-automaat,Available,False,2024-06-22 22:25:10
6438001,02,911986,Geldautomaat,Available,False,2024-06-22 22:25:10
6441001,01,910328,Geldautomaat,Unavailable,False,2024-06-22 22:25:10
6441002,01,912085,Geldautomaat,Available,False,2024-06-22 22:25:11
6441004,01,812088,Geld storten en opnemen,Available,True,2024-06-22 22:25:11
6444001,01,610324,Sealbag-automaat,Available,False,2024-06-22 22:25:11
6444001,02,810358,Geld storten en opnemen,Unavailable,False,2024-06-22 22:25:11
6451001,01,810025,Geld storten en opnemen,Unavailable,False,2024-06-22 22:25:12
6461001,01,810531,Geld storten en opnemen,Available,True,2024-06-22 22:25:12
6461001,02,810979,Geld storten en opnemen,Available,True,2024-06-22 22:25:12
6461001,03,610432,Sealbag-automaat,Available,False,2024-06-22 22:25:12
6461002,01,910347,Geldautomaat,Available,False,2024-06-22 22:25:13
6462001,01,920336,Geldautomaat,Available,False,2024-06-22 22:25:13
6463001,01,910432,Geldautomaat,Available,False,2024-06-22 22:25:14
6466001,01,910360,Geldautomaat,Available,False,2024-06-22 22:25:14
6466002,01,911408,Geldautomaat,Available,False,2024-06-22 22:25:14
6466003,01,810056,Geld storten en opnemen,Available,True,2024-06-22 22:25:15
6471002,01,910429,Geldautomaat,Available,False,2024-06-22 22:25:15
6511001,01,811888,Geld storten en opnemen,Available,True,2024-06-22 22:25:16
6511001,02,914006,Geldautomaat,Available,False,2024-06-22 22:25:16
6511001,03,811840,Geld storten en opnemen,Available,True,2024-06-22 22:25:16
6511002,01,911725,Geldautomaat,Available,False,2024-06-22 22:25:16
6511004,01,910956,Geldautomaat,Available,False,2024-06-22 22:25:16
6511004,02,910955,Geldautomaat,Available,False,2024-06-22 22:25:16
6511005,01,810200,Geld storten en opnemen,Available,True,2024-06-22 22:25:17
6511005,02,911727,Geldautomaat,Unavailable,False,2024-06-22 22:25:17
6511005,03,812231,Geld storten en opnemen,Available,True,2024-06-22 22:25:17
6511005,04,610149,Sealbag-automaat,Available,False,2024-06-22 22:25:17
6511009,01,610148,Sealbag-automaat,Available,False,2024-06-22 22:25:17
6515001,01,910957,Geldautomaat,Available,False,2024-06-22 22:25:18
6521002,01,811436,Geld storten en opnemen,Available,True,2024-06-22 22:25:18
6521003,01,912736,Geldautomaat,Available,False,2024-06-22 22:25:19
6523002,01,812535,Geld storten en opnemen,Available,True,2024-06-22 22:25:19
6531001,01,910976,Geldautomaat,Available,False,2024-06-22 22:25:19
6533001,01,810325,Geld storten en opnemen,Available,True,2024-06-22 22:25:21
6533002,01,911977,Geldautomaat,Available,False,2024-06-22 22:25:21
6533003,01,910996,Geldautomaat,Available,False,2024-06-22 22:25:22
6535001,01,930059,Geldautomaat,Available,False,2024-06-22 22:25:22
6535001,02,930060,Geldautomaat,Available,False,2024-06-22 22:25:22
6535002,01,811666,Geld storten en opnemen,Available,True,2024-06-22 22:25:23
6537001,01,921207,Geldautomaat,Available,False,2024-06-22 22:25:23
6538001,01,810292,Geld storten en opnemen,Available,True,2024-06-22 22:25:24
6538001,02,810293,Geld storten en opnemen,Available,True,2024-06-22 22:25:24
6538002,01,921209,Geldautomaat,Available,False,2024-06-22 22:25:24
6538003,01,911902,Geldautomaat,Available,False,2024-06-22 22:25:25
6538005,01,913958,Geldautomaat,Available,False,2024-06-22 22:25:25
6538008,01,811614,Geld storten en opnemen,Available,True,2024-06-22 22:25:25
6542002,01,811454,Geld storten en opnemen,Available,True,2024-06-22 22:25:26
6542003,01,912783,Geldautomaat,Available,False,2024-06-22 22:25:26
6542004,01,912784,Geldautomaat,Available,False,2024-06-22 22:25:27
6546001,01,920781,Geldautomaat,Available,False,2024-06-22 22:25:27
6551001,01,920048,Geldautomaat,Available,False,2024-06-22 22:25:28
6561001,01,921254,Geldautomaat,Available,False,2024-06-22 22:25:28
6561002,01,811126,Geld storten en opnemen,Available,True,2024-06-22 22:25:28
6566001,01,811149,Geld storten en opnemen,Available,True,2024-06-22 22:25:29
6566002,01,810812,Geld storten en opnemen,Unavailable,False,2024-06-22 22:25:30
6571001,01,911022,Geldautomaat,Available,False,2024-06-22 22:25:30
6573001,01,811077,Geld storten en opnemen,Available,True,2024-06-22 22:25:30
6578001,01,812210,Geld storten en opnemen,Available,True,2024-06-22 22:25:31
6581001,01,810980,Geld storten en opnemen,Available,True,2024-06-22 22:25:32
6581002,01,912387,Geldautomaat,Available,False,2024-06-22 22:25:32
6581007,01,611107,Sealbag-automaat,Available,False,2024-06-22 22:25:32
6581007,02,921035,Geldautomaat,Available,False,2024-06-22 22:25:32
6581008,01,812938,Geld storten en opnemen,Available,True,2024-06-22 22:25:33
6584001,01,920093,Geldautomaat,Available,False,2024-06-22 22:25:33
6585001,01,920873,Geldautomaat,Available,False,2024-06-22 22:25:34
6591001,01,912285,Geldautomaat,Available,False,2024-06-22 22:25:34
6591004,01,811412,Geld storten en opnemen,Available,True,2024-06-22 22:25:34
6591007,01,914600,Geldautomaat,Available,False,2024-06-22 22:25:35
6591007,02,811873,Geld storten en opnemen,Available,True,2024-06-22 22:25:35
6596001,01,920875,Geldautomaat,Available,False,2024-06-22 22:25:36
6602002,01,811033,Geld storten en opnemen,Available,True,2024-06-22 22:25:36
6602002,02,610794,Sealbag-automaat,Available,False,2024-06-22 22:25:36
6602003,01,921284,Geldautomaat,Available,False,2024-06-22 22:25:36
6602007,01,812116,Geld storten en opnemen,Available,True,2024-06-22 22:25:37
6602008,01,811212,Geld storten en opnemen,Available,True,2024-06-22 22:25:37
6605001,01,910029,Geldautomaat,Available,False,2024-06-22 22:25:38
6611001,01,920327,Geldautomaat,Available,False,2024-06-22 22:25:38
6617001,01,911023,Geldautomaat,Available,False,2024-06-22 22:25:38
6621001,01,810026,Geld storten en opnemen,Available,True,2024-06-22 22:25:39
6626001,01,911015,Geldautomaat,Available,False,2024-06-22 22:25:39
6627001,01,911070,Geldautomaat,Available,False,2024-06-22 22:25:40
6629001,01,911018,Geldautomaat,Available,False,2024-06-22 22:25:40
6631001,01,911066,Geldautomaat,Available,False,2024-06-22 22:25:40
6641001,01,810144,Geld storten en opnemen,Available,True,2024-06-22 22:25:41
6641002,01,911588,Geldautomaat,Available,False,2024-06-22 22:25:41
6641003,01,911589,Geldautomaat,Available,False,2024-06-22 22:25:42
6641003,02,610084,Sealbag-automaat,Available,False,2024-06-22 22:25:42
6641005,01,812519,Geld storten en opnemen,Available,True,2024-06-22 22:25:42
6641006,01,812542,Geld storten en opnemen,Available,True,2024-06-22 22:25:42
6645001,01,921040,Geldautomaat,Available,False,2024-06-22 22:25:43
6651002,01,911624,Geldautomaat,Available,False,2024-06-22 22:25:43
6651003,01,811108,Geld storten en opnemen,Available,True,2024-06-22 22:25:44
6651005,01,812522,Geld storten en opnemen,Available,True,2024-06-22 22:25:44
6652001,01,911623,Geldautomaat,Available,False,2024-06-22 22:25:44
6658001,01,811744,Geld storten en opnemen,Available,True,2024-06-22 22:25:45
6658002,01,610576,Sealbag-automaat,Available,False,2024-06-22 22:25:45
6658005,01,812262,Geld storten en opnemen,Available,True,2024-06-22 22:25:46
6659001,01,920065,Geldautomaat,Available,False,2024-06-22 22:25:46
6661001,01,912277,Geldautomaat,Available,False,2024-06-22 22:25:47
6661004,01,930077,Geldautomaat,Available,False,2024-06-22 22:25:47
6661004,02,812822,Geld storten en opnemen,Available,True,2024-06-22 22:25:47
6661004,03,611438,Sealbag-automaat,Available,False,2024-06-22 22:25:47
6661006,01,811510,Geld storten en opnemen,Available,True,2024-06-22 22:25:47
6663001,01,911069,Geldautomaat,Available,False,2024-06-22 22:25:48
6665001,01,910941,Geldautomaat,Available,False,2024-06-22 22:25:48
6666001,01,920933,Geldautomaat,Available,False,2024-06-22 22:25:48
6669001,01,920008,Geldautomaat,Available,False,2024-06-22 22:25:49
6671001,01,911869,Geldautomaat,Available,False,2024-06-22 22:25:49
6671002,01,610227,Sealbag-automaat,Available,False,2024-06-22 22:25:50
6674001,01,911036,Geldautomaat,Available,False,2024-06-22 22:25:50
6681001,01,810138,Geld storten en opnemen,Available,True,2024-06-22 22:25:50
6681002,01,911574,Geldautomaat,Available,False,2024-06-22 22:25:51
6681003,01,610076,Sealbag-automaat,Available,False,2024-06-22 22:25:51
6681003,02,920577,Geldautomaat,Available,False,2024-06-22 22:25:51
6681003,03,920510,Geldautomaat,Available,False,2024-06-22 22:25:51
6686001,01,911054,Geldautomaat,Available,False,2024-06-22 22:25:52
6687001,01,920724,Geldautomaat,Available,False,2024-06-22 22:25:52
6691002,01,911651,Geldautomaat,Available,False,2024-06-22 22:25:52
6691004,01,812565,Geld storten en opnemen,Available,True,2024-06-22 22:25:53
6701002,01,810642,Geld storten en opnemen,Available,True,2024-06-22 22:25:53
6701003,01,812113,Geld storten en opnemen,Available,True,2024-06-22 22:25:54
6706001,01,930027,Geldautomaat,Available,False,2024-06-22 22:25:54
6707001,01,912643,Geldautomaat,Available,False,2024-06-22 22:25:54
6708001,01,920207,Geldautomaat,Available,False,2024-06-22 22:25:55
6711001,01,611407,Sealbag-automaat,Available,False,2024-06-22 22:25:55
6711002,01,912109,Geldautomaat,Available,False,2024-06-22 22:25:55
6711006,01,811509,Geld storten en opnemen,Available,True,2024-06-22 22:25:56
6711007,01,811708,Geld storten en opnemen,Available,True,2024-06-22 22:25:56
6713001,01,910060,Geldautomaat,Available,False,2024-06-22 22:25:57
6714001,01,811051,Geld storten en opnemen,Available,True,2024-06-22 22:25:57
6714004,01,920508,Geldautomaat,Available,False,2024-06-22 22:25:57
6716001,01,911152,Geldautomaat,Available,False,2024-06-22 22:25:58
6716003,01,921339,Geldautomaat,Available,False,2024-06-22 22:25:58
6716004,01,810350,Geld storten en opnemen,Available,True,2024-06-22 22:25:59
6717001,01,921341,Geldautomaat,Available,False,2024-06-22 22:25:59
6717002,01,812634,Geld storten en opnemen,Available,True,2024-06-22 22:25:59
6718001,01,911176,Geldautomaat,Available,False,2024-06-22 22:26:00
6721001,01,810139,Geld storten en opnemen,Available,True,2024-06-22 22:26:00
6721001,02,610077,Sealbag-automaat,Available,False,2024-06-22 22:26:00
6721002,01,911577,Geldautomaat,Available,False,2024-06-22 22:26:00
6731001,01,812197,Geld storten en opnemen,Available,True,2024-06-22 22:26:01
6732002,01,813045,Geld storten en opnemen,Available,True,2024-06-22 22:26:01
6733001,01,911097,Geldautomaat,Available,False,2024-06-22 22:26:02
6733002,01,914877,Geldautomaat,Available,False,2024-06-22 22:26:02
6741001,01,911703,Geldautomaat,Available,False,2024-06-22 22:26:02
6741002,01,610631,Sealbag-automaat,Available,False,2024-06-22 22:26:03
6741002,02,913613,Geldautomaat,Available,False,2024-06-22 22:26:03
6741004,01,811712,Geld storten en opnemen,Available,True,2024-06-22 22:26:03
6744001,01,920385,Geldautomaat,Available,False,2024-06-22 22:26:04
6811001,01,810364,Geld storten en opnemen,Available,True,2024-06-22 22:26:04
6811002,01,811825,Geld storten en opnemen,Available,True,2024-06-22 22:26:04
6811002,02,812081,Geld storten en opnemen,Available,True,2024-06-22 22:26:04
6811003,01,912075,Geldautomaat,Available,False,2024-06-22 22:26:05
6811003,02,912076,Geldautomaat,Available,False,2024-06-22 22:26:05
6811004,01,921153,Geldautomaat,Available,False,2024-06-22 22:26:05
6811007,01,810340,Geld storten en opnemen,Available,True,2024-06-22 22:26:06
6811007,02,914156,Geldautomaat,Available,False,2024-06-22 22:26:06
6811009,01,811485,Geld storten en opnemen,Available,True,2024-06-22 22:26:06
6811010,01,611058,Sealbag-automaat,Available,False,2024-06-22 22:26:06
6814002,01,911543,Geldautomaat,Available,False,2024-06-22 22:26:07
6814003,01,811307,Geld storten en opnemen,Available,True,2024-06-22 22:26:07
6815001,01,920435,Geldautomaat,Available,False,2024-06-22 22:26:08
6822001,01,921197,Geldautomaat,Available,False,2024-06-22 22:26:08
6822003,01,810407,Geld storten en opnemen,Available,True,2024-06-22 22:26:08
6824002,01,914853,Geldautomaat,Available,False,2024-06-22 22:26:09
6826001,01,810712,Geld storten en opnemen,Unavailable,True,2024-06-22 22:26:09
6826002,01,921298,Geldautomaat,Available,False,2024-06-22 22:26:10
6826005,01,810729,Geld storten en opnemen,Available,True,2024-06-22 22:26:10
6826007,01,812858,Geld storten en opnemen,Available,True,2024-06-22 22:26:11
6828001,01,930120,Geldautomaat,Available,False,2024-06-22 22:26:11
6828002,01,812082,Geld storten en opnemen,Available,True,2024-06-22 22:26:11
6831001,01,921308,Geldautomaat,Available,False,2024-06-22 22:26:12
6831002,01,920440,Geldautomaat,Available,False,2024-06-22 22:26:12
6831002,02,610880,Sealbag-automaat,Available,False,2024-06-22 22:26:12
6831002,03,810947,Geld storten en opnemen,Available,True,2024-06-22 22:26:12
6831005,01,811910,Geld storten en opnemen,Available,True,2024-06-22 22:26:13
6831006,01,812854,Geld storten en opnemen,Available,True,2024-06-22 22:26:13
6832001,01,811788,Geld storten en opnemen,Available,True,2024-06-22 22:26:13
6832002,01,911168,Geldautomaat,Available,False,2024-06-22 22:26:14
6835002,01,910927,Geldautomaat,Available,False,2024-06-22 22:26:14
6836002,01,921026,Geldautomaat,Available,False,2024-06-22 22:26:15
6836003,01,812540,Geld storten en opnemen,Available,True,2024-06-22 22:26:15
6843002,01,920725,Geldautomaat,Available,False,2024-06-22 22:26:15
6843004,01,812182,Geld storten en opnemen,Available,True,2024-06-22 22:26:16
6845001,01,911098,Geldautomaat,Available,False,2024-06-22 22:26:16
6845002,01,812690,Geld storten en opnemen,Available,True,2024-06-22 22:26:17
6846001,01,911180,Geldautomaat,Available,False,2024-06-22 22:26:17
6846002,01,812541,Geld storten en opnemen,Available,True,2024-06-22 22:26:17
6851001,01,810184,Geld storten en opnemen,Unavailable,False,2024-06-22 22:26:18
6851002,01,911688,Geldautomaat,Available,False,2024-06-22 22:26:18
6851003,01,810185,Geld storten en opnemen,Available,True,2024-06-22 22:26:19
6851006,01,812568,Geld storten en opnemen,Available,True,2024-06-22 22:26:19
6852001,01,812620,Geld storten en opnemen,Available,True,2024-06-22 22:26:20
6861001,01,911745,Geldautomaat,Available,False,2024-06-22 22:26:20
6861003,01,811588,Geld storten en opnemen,Available,True,2024-06-22 22:26:20
6862001,01,610906,Sealbag-automaat,Available,False,2024-06-22 22:26:21
6862001,02,810213,Geld storten en opnemen,Available,True,2024-06-22 22:26:21
6865003,01,812416,Geld storten en opnemen,Available,True,2024-06-22 22:26:21
6866001,01,920043,Geldautomaat,Available,False,2024-06-22 22:26:22
6871001,01,811167,Geld storten en opnemen,Available,True,2024-06-22 22:26:22
6871002,01,912704,Geldautomaat,Available,False,2024-06-22 22:26:22
6881001,01,811722,Geld storten en opnemen,Available,True,2024-06-22 22:26:23
6881001,02,810629,Geld storten en opnemen,Available,True,2024-06-22 22:26:23
6881001,03,610494,Sealbag-automaat,Available,False,2024-06-22 22:26:23
6881002,01,912483,Geldautomaat,Available,False,2024-06-22 22:26:23
6901002,01,921214,Geldautomaat,Available,False,2024-06-22 22:26:24
6901005,01,811604,Geld storten en opnemen,Available,True,2024-06-22 22:26:24
6901006,01,811381,Geld storten en opnemen,Available,True,2024-06-22 22:26:24
6901007,01,812435,Geld storten en opnemen,Available,True,2024-06-22 22:26:25
6903001,01,912526,Geldautomaat,Available,False,2024-06-22 22:26:25
6909001,01,920742,Geldautomaat,Available,False,2024-06-22 22:26:26
6911001,01,920755,Geldautomaat,Available,False,2024-06-22 22:26:26
6915001,01,920789,Geldautomaat,Available,False,2024-06-22 22:26:26
6921002,01,911625,Geldautomaat,Available,False,2024-06-22 22:26:27
6921003,01,920816,Geldautomaat,Available,False,2024-06-22 22:26:27
6921003,02,610098,Sealbag-automaat,Available,False,2024-06-22 22:26:27
6921006,01,811924,Geld storten en opnemen,Available,True,2024-06-22 22:26:28
6931001,01,911853,Geldautomaat,Available,False,2024-06-22 22:26:28
6931002,01,811209,Geld storten en opnemen,Unavailable,False,2024-06-22 22:26:28
6931002,02,610214,Sealbag-automaat,Available,False,2024-06-22 22:26:28
6932001,01,920531,Geldautomaat,Available,False,2024-06-22 22:26:29
6942001,01,610992,Sealbag-automaat,Available,False,2024-06-22 22:26:30
6942001,02,810774,Geld storten en opnemen,Available,True,2024-06-22 22:26:30
6942004,01,921279,Geldautomaat,Available,False,2024-06-22 22:26:30
6942005,01,812520,Geld storten en opnemen,Available,True,2024-06-22 22:26:31
6951001,01,810096,Geld storten en opnemen,Available,True,2024-06-22 22:26:31
6951001,02,611032,Sealbag-automaat,Available,False,2024-06-22 22:26:31
6951002,01,921221,Geldautomaat,Available,False,2024-06-22 22:26:32
6951003,01,811803,Geld storten en opnemen,Available,True,2024-06-22 22:26:32
6961001,01,810779,Geld storten en opnemen,Available,True,2024-06-22 22:26:33
6961002,01,811111,Geld storten en opnemen,Available,True,2024-06-22 22:26:33
6961003,01,912682,Geldautomaat,Available,False,2024-06-22 22:26:33
6961003,02,610782,Sealbag-automaat,Available,False,2024-06-22 22:26:33
6971003,01,811881,Geld storten en opnemen,Available,True,2024-06-22 22:26:34
6981002,01,911610,Geldautomaat,Available,False,2024-06-22 22:26:34
6981005,01,811784,Geld storten en opnemen,Available,True,2024-06-22 22:26:35
6991001,01,921234,Geldautomaat,Available,False,2024-06-22 22:26:35
6991002,01,810024,Geld storten en opnemen,Unavailable,True,2024-06-22 22:26:35
6999002,01,812097,Geld storten en opnemen,Available,True,2024-06-22 22:26:36
7001002,01,921222,Geldautomaat,Available,False,2024-06-22 22:26:36
7001006,01,812921,Geld storten en opnemen,Available,True,2024-06-22 22:26:37
7001007,01,813024,Geld storten en opnemen,Unavailable,False,2024-06-22 22:26:37
7001007,02,611475,Sealbag-automaat,Available,False,2024-06-22 22:26:37
7001007,03,920311,Geldautomaat,Available,False,2024-06-22 22:26:37
7001008,01,813027,Geld storten en opnemen,Available,True,2024-06-22 22:26:38
7001008,02,813026,Geld storten en opnemen,Available,True,2024-06-22 22:26:38
7001008,03,813029,Geld storten en opnemen,Available,True,2024-06-22 22:26:38
7001008,04,813025,Geld storten en opnemen,Available,True,2024-06-22 22:26:38
7001008,05,813028,Geld storten en opnemen,Available,True,2024-06-22 22:26:38
7002002,01,921182,Geldautomaat,Available,False,2024-06-22 22:26:38
7006002,01,913124,Geldautomaat,Available,False,2024-06-22 22:26:38
7008001,01,921239,Geldautomaat,Available,False,2024-06-22 22:26:39
7009001,01,920333,Geldautomaat,Available,False,2024-06-22 22:26:39
7009002,01,920116,Geldautomaat,Available,False,2024-06-22 22:26:40
7011001,01,921045,Geldautomaat,Available,False,2024-06-22 22:26:40
7021001,01,914120,Geldautomaat,Available,False,2024-06-22 22:26:40
7021002,01,810071,Geld storten en opnemen,Available,True,2024-06-22 22:26:41
7031001,01,610213,Sealbag-automaat,Available,False,2024-06-22 22:26:41
7031001,02,920328,Geldautomaat,Available,False,2024-06-22 22:26:41
7037001,01,920817,Geldautomaat,Available,False,2024-06-22 22:26:42
7041002,01,811173,Geld storten en opnemen,Available,True,2024-06-22 22:26:42
7051001,01,810262,Geld storten en opnemen,Unavailable,False,2024-06-22 22:26:42
7051002,01,920603,Geldautomaat,Available,False,2024-06-22 22:26:43
7051002,02,610208,Sealbag-automaat,Available,False,2024-06-22 22:26:43
7061002,01,920334,Geldautomaat,Available,False,2024-06-22 22:26:43
7061002,02,610196,Sealbag-automaat,Available,False,2024-06-22 22:26:43
7064001,01,921043,Geldautomaat,Available,False,2024-06-22 22:26:44
7071001,01,921062,Geldautomaat,Available,False,2024-06-22 22:26:44
7071004,01,811371,Geld storten en opnemen,Available,True,2024-06-22 22:26:44
7081001,01,813048,Geld storten en opnemen,Available,True,2024-06-22 22:26:45
7091005,01,812514,Geld storten en opnemen,Available,True,2024-06-22 22:26:45
7101001,01,921076,Geldautomaat,Available,False,2024-06-22 22:26:46
7101003,01,811723,Geld storten en opnemen,Available,True,2024-06-22 22:26:46
7101005,01,811945,Geld storten en opnemen,Available,True,2024-06-22 22:26:46
7101005,02,611121,Sealbag-automaat,Available,False,2024-06-22 22:26:46
7121001,01,810115,Geld storten en opnemen,Unavailable,True,2024-06-22 22:26:47
7121002,01,610049,Sealbag-automaat,Available,False,2024-06-22 22:26:47
7121003,01,811886,Geld storten en opnemen,Available,True,2024-06-22 22:26:48
7122001,01,921085,Geldautomaat,Available,False,2024-06-22 22:26:48
7131002,01,912697,Geldautomaat,Available,False,2024-06-22 22:26:48
7131003,01,811140,Geld storten en opnemen,Available,True,2024-06-22 22:26:49
7131005,01,811893,Geld storten en opnemen,Unavailable,False,2024-06-22 22:26:49
7131005,02,610903,Sealbag-automaat,Available,False,2024-06-22 22:26:49
7136001,01,920117,Geldautomaat,Available,False,2024-06-22 22:26:50
7141001,01,911657,Geldautomaat,Available,False,2024-06-22 22:26:50
7141002,01,810174,Geld storten en opnemen,Available,True,2024-06-22 22:26:50
7151001,01,810160,Geld storten en opnemen,Available,True,2024-06-22 22:26:51
7151002,01,911628,Geldautomaat,Available,False,2024-06-22 22:26:51
7151003,01,920348,Geldautomaat,Available,False,2024-06-22 22:26:52
7151003,02,610101,Sealbag-automaat,Available,False,2024-06-22 22:26:52
7156001,01,920623,Geldautomaat,Available,False,2024-06-22 22:26:52
7161002,01,921115,Geldautomaat,Available,False,2024-06-22 22:26:53
7161003,01,610144,Sealbag-automaat,Available,False,2024-06-22 22:26:53
7161003,02,920349,Geldautomaat,Available,False,2024-06-22 22:26:53
7201001,01,912540,Geldautomaat,Available,False,2024-06-22 22:26:53
7201003,01,611410,Sealbag-automaat,Available,False,2024-06-22 22:26:54
7201005,01,810671,Geld storten en opnemen,Available,True,2024-06-22 22:26:54
7201006,01,812059,Geld storten en opnemen,Available,True,2024-06-22 22:26:54
7201009,01,813003,Geld storten en opnemen,Available,True,2024-06-22 22:26:55
7206001,01,911141,Geldautomaat,Available,False,2024-06-22 22:26:55
7206002,01,911142,Geldautomaat,Available,False,2024-06-22 22:26:56
7207001,01,812890,Geld storten en opnemen,Available,True,2024-06-22 22:26:56
7213002,01,911656,Geldautomaat,Available,False,2024-06-22 22:26:56
7213003,01,811124,Geld storten en opnemen,Available,True,2024-06-22 22:26:57
7218001,01,812080,Geld storten en opnemen,Available,True,2024-06-22 22:26:57
7221001,01,912900,Geldautomaat,Available,False,2024-06-22 22:26:58
7232001,01,921131,Geldautomaat,Available,False,2024-06-22 22:26:58
7232002,01,911049,Geldautomaat,Available,False,2024-06-22 22:26:58
7241001,01,921132,Geldautomaat,Available,False,2024-06-22 22:26:59
7241003,01,811341,Geld storten en opnemen,Available,True,2024-06-22 22:26:59
7242001,01,912969,Geldautomaat,Available,False,2024-06-22 22:27:00
7242001,02,811141,Geld storten en opnemen,Available,True,2024-06-22 22:27:00
7242001,03,610636,Sealbag-automaat,Available,False,2024-06-22 22:27:00
7245001,01,920403,Geldautomaat,Available,False,2024-06-22 22:27:00
7251001,01,810267,Geld storten en opnemen,Unavailable,False,2024-06-22 22:27:00
7251001,02,610218,Sealbag-automaat,Available,False,2024-06-22 22:27:00
7251002,01,921242,Geldautomaat,Available,False,2024-06-22 22:27:01
7251003,01,811039,Geld storten en opnemen,Available,True,2024-06-22 22:27:01
7255001,01,921231,Geldautomaat,Available,False,2024-06-22 22:27:02
7255002,01,911106,Geldautomaat,Available,False,2024-06-22 22:27:02
7261001,01,911044,Geldautomaat,Available,False,2024-06-22 22:27:02
7271001,01,921077,Geldautomaat,Available,False,2024-06-22 22:27:03
7271002,01,911591,Geldautomaat,Available,False,2024-06-22 22:27:03
7271005,01,812561,Geld storten en opnemen,Available,True,2024-06-22 22:27:04
7311001,01,912198,Geldautomaat,Available,False,2024-06-22 22:27:04
7311002,01,914170,Geldautomaat,Available,False,2024-06-22 22:27:04
7311002,02,611359,Sealbag-automaat,Available,False,2024-06-22 22:27:04
7311006,01,810435,Geld storten en opnemen,Available,True,2024-06-22 22:27:05
7311007,01,611387,Sealbag-automaat,Available,False,2024-06-22 22:27:06
7311007,02,812471,Geld storten en opnemen,Available,True,2024-06-22 22:27:06
7311007,03,812472,Geld storten en opnemen,Available,True,2024-06-22 22:27:06
7312001,01,911077,Geldautomaat,Available,False,2024-06-22 22:27:06
7312002,01,921119,Geldautomaat,Available,False,2024-06-22 22:27:06
7314001,01,810049,Geld storten en opnemen,Available,True,2024-06-22 22:27:07
7315001,01,812864,Geld storten en opnemen,Available,True,2024-06-22 22:27:07
7316001,01,920609,Geldautomaat,Available,False,2024-06-22 22:27:08
7316002,01,812975,Geld storten en opnemen,Unavailable,False,2024-06-22 22:27:08
7322001,01,811233,Geld storten en opnemen,Unavailable,False,2024-06-22 22:27:08
7323002,01,921122,Geldautomaat,Available,False,2024-06-22 22:27:09
7323005,01,811399,Geld storten en opnemen,Available,True,2024-06-22 22:27:09
7325001,01,921138,Geldautomaat,Available,False,2024-06-22 22:27:10
7325002,01,911063,Geldautomaat,Available,False,2024-06-22 22:27:10
7329001,01,921223,Geldautomaat,Available,False,2024-06-22 22:27:11
7329004,01,811438,Geld storten en opnemen,Available,True,2024-06-22 22:27:11
7331001,01,920239,Geldautomaat,Available,False,2024-06-22 22:27:11
7331002,01,921224,Geldautomaat,Available,False,2024-06-22 22:27:12
7331003,01,812660,Geld storten en opnemen,Available,True,2024-06-22 22:27:12
7333001,01,812168,Geld storten en opnemen,Available,True,2024-06-22 22:27:13
7339001,01,921141,Geldautomaat,Available,False,2024-06-22 22:27:13
7339002,01,812630,Geld storten en opnemen,Available,True,2024-06-22 22:27:13
7351001,01,920131,Geldautomaat,Available,False,2024-06-22 22:27:14
7361001,01,921152,Geldautomaat,Available,False,2024-06-22 22:27:14
7361002,01,920515,Geldautomaat,Available,False,2024-06-22 22:27:15
7371001,01,920005,Geldautomaat,Available,False,2024-06-22 22:27:15
7382001,01,920006,Geldautomaat,Available,False,2024-06-22 22:27:15
7391002,01,921157,Geldautomaat,Available,False,2024-06-22 22:27:16
7391005,01,811579,Geld storten en opnemen,Available,True,2024-06-22 22:27:16
7396001,01,611362,Sealbag-automaat,Available,False,2024-06-22 22:27:17
7396001,02,920955,Geldautomaat,Available,False,2024-06-22 22:27:17
7411001,01,921126,Geldautomaat,Available,False,2024-06-22 22:27:17
7411006,01,811504,Geld storten en opnemen,Available,False,2024-06-22 22:27:18
7411007,01,810471,Geld storten en opnemen,Available,True,2024-06-22 22:27:18
7411011,01,611402,Sealbag-automaat,Available,False,2024-06-22 22:27:19
7411011,02,920225,Geldautomaat,Available,False,2024-06-22 22:27:19
7411011,03,920228,Geldautomaat,Available,False,2024-06-22 22:27:19
7411012,01,812644,Geld storten en opnemen,Available,True,2024-06-22 22:27:19
7411012,02,812708,Geld storten en opnemen,Available,True,2024-06-22 22:27:19
7411012,03,812643,Geld storten en opnemen,Unavailable,True,2024-06-22 22:27:19
7411012,04,812645,Geld storten en opnemen,Unavailable,False,2024-06-22 22:27:19
7411012,05,812646,Geld storten en opnemen,Unavailable,True,2024-06-22 22:27:19
7412001,01,921133,Geldautomaat,Available,False,2024-06-22 22:27:20
7412002,01,920511,Geldautomaat,Available,False,2024-06-22 22:27:20
7415001,01,913952,Geldautomaat,Available,False,2024-06-22 22:27:20
7415002,01,921347,Geldautomaat,Available,False,2024-06-22 22:27:21
7415003,01,920535,Geldautomaat,Available,False,2024-06-22 22:27:21
7415005,01,812787,Geld storten en opnemen,Available,True,2024-06-22 22:27:22
7416001,01,920028,Geldautomaat,Available,False,2024-06-22 22:27:22
7422001,01,810294,Geld storten en opnemen,Available,True,2024-06-22 22:27:22
7422002,01,930118,Geldautomaat,Available,False,2024-06-22 22:27:23
7422003,01,811242,Geld storten en opnemen,Available,True,2024-06-22 22:27:23
7425001,01,930117,Geldautomaat,Available,False,2024-06-22 22:27:24
7425002,01,910969,Geldautomaat,Available,False,2024-06-22 22:27:24
7431001,01,910972,Geldautomaat,Available,False,2024-06-22 22:27:24
7433002,01,920697,Geldautomaat,Available,False,2024-06-22 22:27:25
7434001,01,920516,Geldautomaat,Available,False,2024-06-22 22:27:25
7437002,01,920031,Geldautomaat,Available,False,2024-06-22 22:27:26
7442001,01,921160,Geldautomaat,Unavailable,False,2024-06-22 22:27:26
7442002,01,920341,Geldautomaat,Unavailable,False,2024-06-22 22:27:26
7442002,02,811157,Geld storten en opnemen,Available,True,2024-06-22 22:27:26
7442002,03,610637,Sealbag-automaat,Available,False,2024-06-22 22:27:26
7443001,01,920436,Geldautomaat,Available,False,2024-06-22 22:27:27
7447001,01,921166,Geldautomaat,Available,False,2024-06-22 22:27:28
7447002,01,920400,Geldautomaat,Available,False,2024-06-22 22:27:28
7448001,01,920727,Geldautomaat,Available,False,2024-06-22 22:27:28
7451002,01,914718,Geldautomaat,Available,False,2024-06-22 22:27:29
7451002,02,812393,Geld storten en opnemen,Available,True,2024-06-22 22:27:29
7451004,01,921081,Geldautomaat,Available,False,2024-06-22 22:27:29
7461001,01,921155,Geldautomaat,Available,False,2024-06-22 22:27:30
7462001,01,920448,Geldautomaat,Available,False,2024-06-22 22:27:30
7462004,01,811565,Geld storten en opnemen,Unavailable,False,2024-06-22 22:27:30
7462005,01,810228,Geld storten en opnemen,Available,True,2024-06-22 22:27:31
7462006,01,813053,Geld storten en opnemen,Available,True,2024-06-22 22:27:31
7462006,02,611483,Sealbag-automaat,Available,False,2024-06-22 22:27:31
7468001,01,921163,Geldautomaat,Available,False,2024-06-22 22:27:32
7468003,01,810486,Geld storten en opnemen,Available,True,2024-06-22 22:27:32
7471001,01,810171,Geld storten en opnemen,Unavailable,False,2024-06-22 22:27:32
7471001,02,610113,Sealbag-automaat,Available,False,2024-06-22 22:27:32
7471002,01,921167,Geldautomaat,Available,False,2024-06-22 22:27:33
7471003,01,811123,Geld storten en opnemen,Available,True,2024-06-22 22:27:33
7475001,01,610140,Sealbag-automaat,Available,False,2024-06-22 22:27:34
7475001,02,921011,Geldautomaat,Available,False,2024-06-22 22:27:34
7478001,01,920626,Geldautomaat,Available,False,2024-06-22 22:27:34
7481001,01,921170,Geldautomaat,Available,False,2024-06-22 22:27:34
7481002,01,920060,Geldautomaat,Available,False,2024-06-22 22:27:35
7481003,01,911004,Geldautomaat,Available,False,2024-06-22 22:27:35
7481007,01,810502,Geld storten en opnemen,Available,True,2024-06-22 22:27:35
7481009,01,811413,Geld storten en opnemen,Available,True,2024-06-22 22:27:36
7491001,01,912089,Geldautomaat,Available,False,2024-06-22 22:27:36
7491002,01,610316,Sealbag-automaat,Available,False,2024-06-22 22:27:37
7491002,02,810369,Geld storten en opnemen,Available,True,2024-06-22 22:27:37
7491002,03,920636,Geldautomaat,Available,False,2024-06-22 22:27:37
7491005,01,812694,Geld storten en opnemen,Available,True,2024-06-22 22:27:37
7496001,01,920309,Geldautomaat,Available,False,2024-06-22 22:27:37
7497001,01,920050,Geldautomaat,Available,False,2024-06-22 22:27:38
7511002,01,920730,Geldautomaat,Available,False,2024-06-22 22:27:38
7511003,01,921374,Geldautomaat,Unavailable,False,2024-06-22 22:27:39
7511004,01,911634,Geldautomaat,Available,False,2024-06-22 22:27:39
7511005,01,812984,Geld storten en opnemen,Available,True,2024-06-22 22:27:39
7511006,01,920059,Geldautomaat,Available,False,2024-06-22 22:27:40
7511011,01,610102,Sealbag-automaat,Available,False,2024-06-22 22:27:40
7511011,02,811829,Geld storten en opnemen,Available,True,2024-06-22 22:27:40
7511011,03,810161,Geld storten en opnemen,Available,True,2024-06-22 22:27:40
7511011,04,913838,Geldautomaat,Unavailable,False,2024-06-22 22:27:40
7513002,01,920091,Geldautomaat,Available,False,2024-06-22 22:27:41
7514001,01,610238,Sealbag-automaat,Available,False,2024-06-22 22:27:42
7514001,02,911898,Geldautomaat,Available,False,2024-06-22 22:27:42
7521002,01,930097,Geldautomaat,Available,False,2024-06-22 22:27:42
7521004,01,810163,Geld storten en opnemen,Available,True,2024-06-22 22:27:42
7522002,01,910043,Geldautomaat,Available,False,2024-06-22 22:27:43
7523001,01,921385,Geldautomaat,Available,False,2024-06-22 22:27:43
7523002,01,921021,Geldautomaat,Available,False,2024-06-22 22:27:44
7523003,01,910140,Geldautomaat,Available,False,2024-06-22 22:27:44
7523004,01,811280,Geld storten en opnemen,Available,True,2024-06-22 22:27:44
7523005,01,920314,Geldautomaat,Available,False,2024-06-22 22:27:45
7524003,01,920051,Geldautomaat,Available,False,2024-06-22 22:27:45
7533001,01,911366,Geldautomaat,Available,False,2024-06-22 22:27:46
7533006,01,812410,Geld storten en opnemen,Available,True,2024-06-22 22:27:46
7534001,01,812334,Geld storten en opnemen,Available,True,2024-06-22 22:27:46
7534002,01,911909,Geldautomaat,Available,False,2024-06-22 22:27:47
7534003,01,811664,Geld storten en opnemen,Available,True,2024-06-22 22:27:47
7542001,01,921375,Geldautomaat,Available,False,2024-06-22 22:27:48
7542003,01,812589,Geld storten en opnemen,Available,True,2024-06-22 22:27:48
7544001,01,810128,Geld storten en opnemen,Available,True,2024-06-22 22:27:49
7544001,02,810127,Geld storten en opnemen,Available,True,2024-06-22 22:27:49
7544004,01,914829,Geldautomaat,Available,False,2024-06-22 22:27:49
7545002,01,911284,Geldautomaat,Available,False,2024-06-22 22:27:50
7545003,01,921029,Geldautomaat,Available,False,2024-06-22 22:27:50
7545003,02,811676,Geld storten en opnemen,Unavailable,False,2024-06-22 22:27:50
7546001,01,920588,Geldautomaat,Available,False,2024-06-22 22:27:50
7548001,01,910157,Geldautomaat,Available,False,2024-06-22 22:27:51
7551001,01,921257,Geldautomaat,Available,False,2024-06-22 22:27:51
7551002,01,611499,Sealbag-automaat,Available,False,2024-06-22 22:27:52
7551002,02,930062,Geldautomaat,Available,False,2024-06-22 22:27:52
7551006,01,811531,Geld storten en opnemen,Available,True,2024-06-22 22:27:52
7552001,01,912758,Geldautomaat,Available,False,2024-06-22 22:27:53
7552002,01,811246,Geld storten en opnemen,Available,True,2024-06-22 22:27:53
7553001,01,911104,Geldautomaat,Available,False,2024-06-22 22:27:53
7554001,01,920307,Geldautomaat,Available,False,2024-06-22 22:27:54
7556001,01,920233,Geldautomaat,Available,False,2024-06-22 22:27:54
7557001,01,920753,Geldautomaat,Available,False,2024-06-22 22:27:55
7558001,01,810301,Geld storten en opnemen,Available,True,2024-06-22 22:27:55
7558002,01,911919,Geldautomaat,Available,False,2024-06-22 22:27:56
7558003,01,911920,Geldautomaat,Available,False,2024-06-22 22:27:56
7558005,01,812275,Geld storten en opnemen,Available,True,2024-06-22 22:27:56
7559001,01,914154,Geldautomaat,Available,False,2024-06-22 22:27:57
7559002,01,812700,Geld storten en opnemen,Available,True,2024-06-22 22:27:57
7561001,01,920146,Geldautomaat,Available,False,2024-06-22 22:27:58
7571001,01,921355,Geldautomaat,Available,False,2024-06-22 22:27:58
7571004,01,811350,Geld storten en opnemen,Available,True,2024-06-22 22:27:58
7571006,01,811894,Geld storten en opnemen,Available,True,2024-06-22 22:27:59
7572001,01,920092,Geldautomaat,Available,False,2024-06-22 22:28:00
7574001,01,911189,Geldautomaat,Available,False,2024-06-22 22:28:00
7576001,01,911262,Geldautomaat,Available,False,2024-06-22 22:28:01
7576002,01,911263,Geldautomaat,Available,False,2024-06-22 22:28:01
7581001,01,921271,Geldautomaat,Available,False,2024-06-22 22:28:02
7581003,01,811342,Geld storten en opnemen,Available,True,2024-06-22 22:28:02
7581005,01,610443,Sealbag-automaat,Available,False,2024-06-22 22:28:02
7581005,02,920989,Geldautomaat,Available,False,2024-06-22 22:28:02
7581007,01,812715,Geld storten en opnemen,Available,True,2024-06-22 22:28:03
7586001,01,910084,Geldautomaat,Available,False,2024-06-22 22:28:03
7587001,01,921014,Geldautomaat,Available,False,2024-06-22 22:28:04
7591001,01,920791,Geldautomaat,Unavailable,False,2024-06-22 22:28:04
7591002,01,811100,Geld storten en opnemen,Available,True,2024-06-22 22:28:04
7595001,01,610212,Sealbag-automaat,Available,False,2024-06-22 22:28:05
7595001,02,920254,Geldautomaat,Available,False,2024-06-22 22:28:05
7596001,01,920599,Geldautomaat,Available,False,2024-06-22 22:28:05
7597001,01,920399,Geldautomaat,Available,False,2024-06-22 22:28:06
7602001,01,920627,Geldautomaat,Available,False,2024-06-22 22:28:06
7603002,01,910200,Geldautomaat,Available,False,2024-06-22 22:28:06
7603003,01,913665,Geldautomaat,Available,False,2024-06-22 22:28:07
7604001,01,920263,Geldautomaat,Available,False,2024-06-22 22:28:07
7605001,01,911279,Geldautomaat,Available,False,2024-06-22 22:28:08
7606001,01,913911,Geldautomaat,Available,False,2024-06-22 22:28:08
7606002,01,914159,Geldautomaat,Available,False,2024-06-22 22:28:09
7606003,01,910214,Geldautomaat,Available,False,2024-06-22 22:28:09
7607001,01,914630,Geldautomaat,Available,False,2024-06-22 22:28:09
7607006,01,812079,Geld storten en opnemen,Available,True,2024-06-22 22:28:10
7607007,01,810424,Geld storten en opnemen,Available,True,2024-06-22 22:28:10
7607008,01,611168,Sealbag-automaat,Available,False,2024-06-22 22:28:10
7607008,02,914334,Geldautomaat,Available,False,2024-06-22 22:28:10
7607008,03,811479,Geld storten en opnemen,Available,True,2024-06-22 22:28:10
7607009,01,812030,Geld storten en opnemen,Available,True,2024-06-22 22:28:11
7608001,01,911534,Geldautomaat,Available,False,2024-06-22 22:28:11
7608002,01,911535,Geldautomaat,Available,False,2024-06-22 22:28:12
7608002,02,810122,Geld storten en opnemen,Available,True,2024-06-22 22:28:12
7609001,01,911261,Geldautomaat,Available,False,2024-06-22 22:28:12
7622001,01,810357,Geld storten en opnemen,Available,True,2024-06-22 22:28:12
7622001,02,610322,Sealbag-automaat,Available,False,2024-06-22 22:28:12
7622002,01,912083,Geldautomaat,Available,False,2024-06-22 22:28:13
7622003,01,912092,Geldautomaat,Available,False,2024-06-22 22:28:13
7627001,01,920262,Geldautomaat,Available,False,2024-06-22 22:28:14
7631001,01,911988,Geldautomaat,Available,False,2024-06-22 22:28:14
7631002,01,921017,Geldautomaat,Available,False,2024-06-22 22:28:14
7631002,02,610281,Sealbag-automaat,Available,False,2024-06-22 22:28:14
7634001,01,920274,Geldautomaat,Available,False,2024-06-22 22:28:15
7635001,01,910283,Geldautomaat,Available,False,2024-06-22 22:28:15
7641001,01,921031,Geldautomaat,Available,False,2024-06-22 22:28:16
7641001,02,610222,Sealbag-automaat,Available,False,2024-06-22 22:28:16
7641002,01,811431,Geld storten en opnemen,Available,True,2024-06-22 22:28:16
7641003,01,914860,Geldautomaat,Available,False,2024-06-22 22:28:16
7651001,01,610627,Sealbag-automaat,Available,False,2024-06-22 22:28:17
7651001,02,811190,Geld storten en opnemen,Available,True,2024-06-22 22:28:17
7651001,03,912889,Geldautomaat,Available,False,2024-06-22 22:28:17
7651002,01,812709,Geld storten en opnemen,Available,True,2024-06-22 22:28:17
7661001,01,920746,Geldautomaat,Available,False,2024-06-22 22:28:17
7665001,01,920831,Geldautomaat,Available,False,2024-06-22 22:28:18
7667001,01,910291,Geldautomaat,Available,False,2024-06-22 22:28:18
7671001,01,811206,Geld storten en opnemen,Available,True,2024-06-22 22:28:19
7671002,01,610600,Sealbag-automaat,Available,False,2024-06-22 22:28:19
7671002,02,920953,Geldautomaat,Available,False,2024-06-22 22:28:19
7672001,01,810829,Geld storten en opnemen,Available,True,2024-06-22 22:28:20
7676001,01,910318,Geldautomaat,Available,False,2024-06-22 22:28:20
7678001,01,911643,Geldautomaat,Available,False,2024-06-22 22:28:20
7678001,02,610107,Sealbag-automaat,Available,False,2024-06-22 22:28:20
7679001,01,920265,Geldautomaat,Available,False,2024-06-22 22:28:21
7681001,01,810268,Geld storten en opnemen,Available,True,2024-06-22 22:28:21
7681001,02,610219,Sealbag-automaat,Available,False,2024-06-22 22:28:21
7681005,01,812622,Geld storten en opnemen,Available,True,2024-06-22 22:28:22
7683002,01,920458,Geldautomaat,Available,False,2024-06-22 22:28:22
7691001,01,910375,Geldautomaat,Available,False,2024-06-22 22:28:22
7693001,01,812284,Geld storten en opnemen,Available,True,2024-06-22 22:28:23
7701001,01,610779,Sealbag-automaat,Available,False,2024-06-22 22:28:23
7701001,02,810058,Geld storten en opnemen,Unavailable,False,2024-06-22 22:28:23
7701002,01,911411,Geldautomaat,Unavailable,False,2024-06-22 22:28:24
7701005,01,812563,Geld storten en opnemen,Available,True,2024-06-22 22:28:24
7707001,01,920270,Geldautomaat,Available,False,2024-06-22 22:28:25
7711001,01,911985,Geldautomaat,Available,False,2024-06-22 22:28:25
7711002,01,610278,Sealbag-automaat,Available,False,2024-06-22 22:28:25
7711002,02,810332,Geld storten en opnemen,Unavailable,False,2024-06-22 22:28:25
7721001,01,811098,Geld storten en opnemen,Available,True,2024-06-22 22:28:26
7721002,01,912676,Geldautomaat,Available,False,2024-06-22 22:28:26
7721004,01,920384,Geldautomaat,Available,False,2024-06-22 22:28:26
7721004,02,611363,Sealbag-automaat,Available,False,2024-06-22 22:28:26
7721005,01,812651,Geld storten en opnemen,Available,True,2024-06-22 22:28:27
7731001,01,610967,Sealbag-automaat,Available,False,2024-06-22 22:28:27
7731001,02,810561,Geld storten en opnemen,Available,True,2024-06-22 22:28:27
7731002,01,910410,Geldautomaat,Available,False,2024-06-22 22:28:28
7731003,01,811351,Geld storten en opnemen,Available,True,2024-06-22 22:28:28
7731005,01,812104,Geld storten en opnemen,Available,True,2024-06-22 22:28:29
7741001,01,912226,Geldautomaat,Available,False,2024-06-22 22:28:29
7741003,01,610787,Sealbag-automaat,Available,False,2024-06-22 22:28:29
7741004,01,811096,Geld storten en opnemen,Available,True,2024-06-22 22:28:30
7741006,01,812244,Geld storten en opnemen,Available,True,2024-06-22 22:28:30
7751001,01,910408,Geldautomaat,Available,False,2024-06-22 22:28:31
7761002,01,812110,Geld storten en opnemen,Available,True,2024-06-22 22:28:31
7765001,01,910376,Geldautomaat,Available,False,2024-06-22 22:28:32
7771001,01,610251,Sealbag-automaat,Available,False,2024-06-22 22:28:32
7771001,02,920467,Geldautomaat,Available,False,2024-06-22 22:28:32
7772001,01,911675,Geldautomaat,Available,False,2024-06-22 22:28:32
7772006,01,811520,Geld storten en opnemen,Available,True,2024-06-22 22:28:33
7776001,01,920271,Geldautomaat,Available,False,2024-06-22 22:28:33
7776002,01,913479,Geldautomaat,Available,False,2024-06-22 22:28:33
7783001,01,910413,Geldautomaat,Available,False,2024-06-22 22:28:34
7811001,01,912279,Geldautomaat,Available,False,2024-06-22 22:28:34
7811005,01,811512,Geld storten en opnemen,Unavailable,False,2024-06-22 22:28:35
7811006,01,810483,Geld storten en opnemen,Available,True,2024-06-22 22:28:36
7812001,01,920740,Geldautomaat,Available,False,2024-06-22 22:28:36
7815001,01,920845,Geldautomaat,Available,False,2024-06-22 22:28:36
7823001,01,920375,Geldautomaat,Available,False,2024-06-22 22:28:37
7824002,01,920067,Geldautomaat,Available,False,2024-06-22 22:28:37
7824003,01,811631,Geld storten en opnemen,Unavailable,False,2024-06-22 22:28:38
7826001,01,920395,Geldautomaat,Available,False,2024-06-22 22:28:38
7827001,01,811440,Geld storten en opnemen,Available,True,2024-06-22 22:28:38
7831001,01,920396,Geldautomaat,Available,False,2024-06-22 22:28:39
7833001,01,911719,Geldautomaat,Available,False,2024-06-22 22:28:39
7833002,01,920889,Geldautomaat,Available,False,2024-06-22 22:28:40
7841001,01,912434,Geldautomaat,Available,False,2024-06-22 22:28:40
7841002,01,812461,Geld storten en opnemen,Available,True,2024-06-22 22:28:40
7841002,02,611069,Sealbag-automaat,Available,False,2024-06-22 22:28:40
7848001,01,920300,Geldautomaat,Available,False,2024-06-22 22:28:41
7854001,01,920155,Geldautomaat,Available,False,2024-06-22 22:28:41
7861001,01,920066,Geldautomaat,Available,False,2024-06-22 22:28:42
7873001,01,910504,Geldautomaat,Available,False,2024-06-22 22:28:42
7875001,01,920152,Geldautomaat,Available,False,2024-06-22 22:28:42
7876001,01,910570,Geldautomaat,Available,False,2024-06-22 22:28:43
7881001,01,920353,Geldautomaat,Available,False,2024-06-22 22:28:43
7885002,01,813102,Geld storten en opnemen,Available,True,2024-06-22 22:28:43
7887001,01,920890,Geldautomaat,Available,False,2024-06-22 22:28:44
7891001,01,914083,Geldautomaat,Available,False,2024-06-22 22:28:44
7891001,02,610591,Sealbag-automaat,Available,False,2024-06-22 22:28:44
7891002,01,811138,Geld storten en opnemen,Available,True,2024-06-22 22:28:45
7891004,01,812098,Geld storten en opnemen,Available,True,2024-06-22 22:28:45
7894001,01,920758,Geldautomaat,Available,False,2024-06-22 22:28:45
7901001,01,911315,Geldautomaat,Available,False,2024-06-22 22:28:46
7901002,01,812011,Geld storten en opnemen,Available,True,2024-06-22 22:28:46
7902005,01,812459,Geld storten en opnemen,Available,True,2024-06-22 22:28:47
7905001,01,913865,Geldautomaat,Available,False,2024-06-22 22:28:47
7906001,01,911311,Geldautomaat,Available,False,2024-06-22 22:28:47
7907002,01,611494,Sealbag-automaat,Available,False,2024-06-22 22:28:48
7907002,02,813087,Geld storten en opnemen,Available,True,2024-06-22 22:28:48
7908001,01,910405,Geldautomaat,Available,False,2024-06-22 22:28:48
7908002,01,920301,Geldautomaat,Available,False,2024-06-22 22:28:49
7913001,01,920376,Geldautomaat,Available,False,2024-06-22 22:28:49
7913001,02,610127,Sealbag-automaat,Available,False,2024-06-22 22:28:49
7914001,01,920190,Geldautomaat,Available,False,2024-06-22 22:28:50
7916001,01,911294,Geldautomaat,Available,False,2024-06-22 22:28:50
7918001,01,920377,Geldautomaat,Available,False,2024-06-22 22:28:50
7921001,01,811219,Geld storten en opnemen,Available,True,2024-06-22 22:28:51
7921002,01,912732,Geldautomaat,Unavailable,False,2024-06-22 22:28:51
7933001,01,812252,Geld storten en opnemen,Available,True,2024-06-22 22:28:52
7941001,01,912388,Geldautomaat,Available,False,2024-06-22 22:28:52
7941004,01,811551,Geld storten en opnemen,Available,True,2024-06-22 22:28:53
7941007,01,812042,Geld storten en opnemen,Available,True,2024-06-22 22:28:53
7941008,01,812396,Geld storten en opnemen,Available,True,2024-06-22 22:28:53
7941008,02,611413,Sealbag-automaat,Available,False,2024-06-22 22:28:53
7944001,01,930057,Geldautomaat,Available,False,2024-06-22 22:28:54
7951001,01,811184,Geld storten en opnemen,Available,True,2024-06-22 22:28:54
7951003,01,921001,Geldautomaat,Available,False,2024-06-22 22:28:55
7951003,02,611079,Sealbag-automaat,Available,False,2024-06-22 22:28:55
7954001,01,920110,Geldautomaat,Available,False,2024-06-22 22:28:55
7957001,01,810050,Geld storten en opnemen,Available,True,2024-06-22 22:28:55
7958001,01,920124,Geldautomaat,Available,False,2024-06-22 22:28:56
7961001,01,920787,Geldautomaat,Available,False,2024-06-22 22:28:56
7963001,01,920257,Geldautomaat,Available,False,2024-06-22 22:28:56
7963001,02,610171,Sealbag-automaat,Available,False,2024-06-22 22:28:56
7971001,01,911296,Geldautomaat,Unavailable,False,2024-06-22 22:28:57
7971003,01,810059,Geld storten en opnemen,Available,True,2024-06-22 22:28:57
7991001,01,811110,Geld storten en opnemen,Available,True,2024-06-22 22:28:58
7991002,01,930114,Geldautomaat,Available,False,2024-06-22 22:28:58
8011001,01,811851,Geld storten en opnemen,Unavailable,False,2024-06-22 22:28:58
8011002,01,913862,Geldautomaat,Available,False,2024-06-22 22:28:59
8011003,01,611509,Sealbag-automaat,Available,False,2024-06-22 22:28:59
8011003,02,813105,Geld storten en opnemen,Available,True,2024-06-22 22:28:59
8011003,03,912549,Geldautomaat,Available,False,2024-06-22 22:28:59
8011009,01,914787,Geldautomaat,Available,False,2024-06-22 22:29:00
8014002,01,911518,Geldautomaat,Unavailable,False,2024-06-22 22:29:01
8014003,01,920977,Geldautomaat,Available,False,2024-06-22 22:29:01
8014003,02,610639,Sealbag-automaat,Available,False,2024-06-22 22:29:01
8014004,01,811392,Geld storten en opnemen,Available,True,2024-06-22 22:29:02
8014006,01,812676,Geld storten en opnemen,Available,True,2024-06-22 22:29:02
8017001,01,812619,Geld storten en opnemen,Available,True,2024-06-22 22:29:02
8021001,01,911313,Geldautomaat,Available,False,2024-06-22 22:29:03
8022001,01,920282,Geldautomaat,Available,False,2024-06-22 22:29:03
8024001,01,920036,Geldautomaat,Available,False,2024-06-22 22:29:04
8025001,01,920033,Geldautomaat,Available,False,2024-06-22 22:29:04
8031001,01,913951,Geldautomaat,Available,False,2024-06-22 22:29:04
8031002,01,911320,Geldautomaat,Available,False,2024-06-22 22:29:05
8031003,01,920776,Geldautomaat,Available,False,2024-06-22 22:29:05
8032001,01,911469,Geldautomaat,Available,False,2024-06-22 22:29:06
8032002,01,911470,Geldautomaat,Available,False,2024-06-22 22:29:06
8032003,01,811885,Geld storten en opnemen,Available,True,2024-06-22 22:29:06
8032003,02,811884,Geld storten en opnemen,Unavailable,False,2024-06-22 22:29:06
8032005,01,812681,Geld storten en opnemen,Available,True,2024-06-22 22:29:07
8042001,01,920323,Geldautomaat,Available,False,2024-06-22 22:29:07
8043001,01,810338,Geld storten en opnemen,Available,True,2024-06-22 22:29:08
8043002,01,912035,Geldautomaat,Available,False,2024-06-22 22:29:08
8043003,01,811626,Geld storten en opnemen,Available,True,2024-06-22 22:29:08
8051001,01,811128,Geld storten en opnemen,Available,True,2024-06-22 22:29:09
8051002,01,610580,Sealbag-automaat,Available,False,2024-06-22 22:29:09
8051002,02,912688,Geldautomaat,Available,False,2024-06-22 22:29:09
8051003,01,911316,Geldautomaat,Available,False,2024-06-22 22:29:09
8061001,01,813241,Geld storten en opnemen,Available,True,2024-06-22 22:29:10
8064001,01,920338,Geldautomaat,Available,False,2024-06-22 22:29:10
8064001,02,610054,Sealbag-automaat,Available,False,2024-06-22 22:29:10
8071001,01,912408,Geldautomaat,Available,False,2024-06-22 22:29:11
8071003,01,811349,Geld storten en opnemen,Available,True,2024-06-22 22:29:11
8071005,01,812103,Geld storten en opnemen,Available,True,2024-06-22 22:29:11
8072001,01,911310,Geldautomaat,Available,False,2024-06-22 22:29:12
8075001,01,811114,Geld storten en opnemen,Available,True,2024-06-22 22:29:12
8075002,01,912685,Geldautomaat,Available,False,2024-06-22 22:29:13
8076001,01,911339,Geldautomaat,Available,False,2024-06-22 22:29:13
8077001,01,921033,Geldautomaat,Available,False,2024-06-22 22:29:13
8081001,01,610242,Sealbag-automaat,Available,False,2024-06-22 22:29:14
8081001,02,920243,Geldautomaat,Available,False,2024-06-22 22:29:14
8081004,01,810694,Geld storten en opnemen,Available,True,2024-06-22 22:29:14
8081005,01,812684,Geld storten en opnemen,Available,True,2024-06-22 22:29:15
8084001,01,920409,Geldautomaat,Available,False,2024-06-22 22:29:15
8084003,01,914812,Geldautomaat,Available,False,2024-06-22 22:29:16
8085001,01,920462,Geldautomaat,Available,False,2024-06-22 22:29:16
8091002,01,914119,Geldautomaat,Available,False,2024-06-22 22:29:17
8091002,02,811943,Geld storten en opnemen,Available,True,2024-06-22 22:29:17
8091003,01,812997,Geld storten en opnemen,Available,True,2024-06-22 22:29:17
8096001,01,911131,Geldautomaat,Available,False,2024-06-22 22:29:17
8097001,01,911171,Geldautomaat,Available,False,2024-06-22 22:29:18
8102001,01,911740,Geldautomaat,Available,False,2024-06-22 22:29:18
8102005,01,811355,Geld storten en opnemen,Available,True,2024-06-22 22:29:19
8102006,01,810222,Geld storten en opnemen,Available,True,2024-06-22 22:29:19
8102006,02,610989,Sealbag-automaat,Available,False,2024-06-22 22:29:19
8102006,03,920774,Geldautomaat,Available,False,2024-06-22 22:29:19
8102007,01,812652,Geld storten en opnemen,Available,True,2024-06-22 22:29:19
8105001,01,920106,Geldautomaat,Available,False,2024-06-22 22:29:20
8106001,01,920416,Geldautomaat,Available,False,2024-06-22 22:29:20
8111001,01,920453,Geldautomaat,Available,False,2024-06-22 22:29:21
8111001,02,610121,Sealbag-automaat,Available,False,2024-06-22 22:29:21
8112001,01,911129,Geldautomaat,Available,False,2024-06-22 22:29:21
8121001,01,920794,Geldautomaat,Available,False,2024-06-22 22:29:22
8121001,02,611030,Sealbag-automaat,Available,False,2024-06-22 22:29:22
8121001,03,810207,Geld storten en opnemen,Available,True,2024-06-22 22:29:22
8124001,01,920417,Geldautomaat,Available,False,2024-06-22 22:29:22
8131002,01,912730,Geldautomaat,Available,False,2024-06-22 22:29:23
8131004,01,812335,Geld storten en opnemen,Available,True,2024-06-22 22:29:23
8141001,01,911679,Geldautomaat,Available,False,2024-06-22 22:29:24
8141002,01,610123,Sealbag-automaat,Available,False,2024-06-22 22:29:24
8141002,02,921041,Geldautomaat,Available,False,2024-06-22 22:29:24
8151001,01,610132,Sealbag-automaat,Available,False,2024-06-22 22:29:24
8151001,02,920454,Geldautomaat,Available,False,2024-06-22 22:29:24
8161001,01,911636,Geldautomaat,Available,False,2024-06-22 22:29:25
8161004,01,812927,Geld storten en opnemen,Available,True,2024-06-22 22:29:25
8162002,01,813091,Geld storten en opnemen,Available,True,2024-06-22 22:29:26
8162002,02,611496,Sealbag-automaat,Available,False,2024-06-22 22:29:26
8166001,01,920425,Geldautomaat,Available,False,2024-06-22 22:29:26
8167001,01,920154,Geldautomaat,Available,False,2024-06-22 22:29:27
8171001,01,810254,Geld storten en opnemen,Available,True,2024-06-22 22:29:27
8171002,01,911827,Geldautomaat,Available,False,2024-06-22 22:29:27
8171003,01,911828,Geldautomaat,Available,False,2024-06-22 22:29:28
8171003,02,610198,Sealbag-automaat,Available,False,2024-06-22 22:29:28
8171003,03,812399,Geld storten en opnemen,Available,True,2024-06-22 22:29:28
8171003,04,914607,Geldautomaat,Available,False,2024-06-22 22:29:28
8181002,01,811129,Geld storten en opnemen,Available,True,2024-06-22 22:29:29
8181003,01,912690,Geldautomaat,Available,False,2024-06-22 22:29:29
8181003,02,914602,Geldautomaat,Available,False,2024-06-22 22:29:29
8181004,01,812741,Geld storten en opnemen,Available,True,2024-06-22 22:29:29
8191001,01,911137,Geldautomaat,Available,False,2024-06-22 22:29:30
8191002,01,913120,Geldautomaat,Available,False,2024-06-22 22:29:30
8191003,01,812710,Geld storten en opnemen,Available,True,2024-06-22 22:29:31
8212001,01,911183,Geldautomaat,Available,False,2024-06-22 22:29:31
8223001,01,811950,Geld storten en opnemen,Available,True,2024-06-22 22:29:32
8224001,01,912382,Geldautomaat,Available,False,2024-06-22 22:29:32
8224002,01,911583,Geldautomaat,Available,False,2024-06-22 22:29:32
8224002,02,811982,Geld storten en opnemen,Available,True,2024-06-22 22:29:32
8224002,03,610081,Sealbag-automaat,Available,False,2024-06-22 22:29:32
8224003,01,811265,Geld storten en opnemen,Available,True,2024-06-22 22:29:33
8224005,01,912775,Geldautomaat,Available,False,2024-06-22 22:29:33
8225001,01,911109,Geldautomaat,Available,False,2024-06-22 22:29:34
8232003,01,810553,Geld storten en opnemen,Available,True,2024-06-22 22:29:34
8242001,01,921059,Geldautomaat,Available,False,2024-06-22 22:29:35
8242002,01,920148,Geldautomaat,Available,False,2024-06-22 22:29:35
8245001,01,914771,Geldautomaat,Available,False,2024-06-22 22:29:36
8251001,01,921212,Geldautomaat,Available,False,2024-06-22 22:29:36
8251004,01,913222,Geldautomaat,Available,False,2024-06-22 22:29:36
8251004,02,811106,Geld storten en opnemen,Available,True,2024-06-22 22:29:36
8251004,03,610705,Sealbag-automaat,Available,False,2024-06-22 22:29:36
8253001,01,910791,Geldautomaat,Available,False,2024-06-22 22:29:37
8254001,01,811105,Geld storten en opnemen,Available,True,2024-06-22 22:29:37
8254002,01,812521,Geld storten en opnemen,Available,True,2024-06-22 22:29:38
8255001,01,910775,Geldautomaat,Available,False,2024-06-22 22:29:38
8255002,01,812612,Geld storten en opnemen,Available,True,2024-06-22 22:29:39
8256001,01,912232,Geldautomaat,Available,False,2024-06-22 22:29:39
8256003,01,930076,Geldautomaat,Available,False,2024-06-22 22:29:39
8261001,01,912362,Geldautomaat,Available,False,2024-06-22 22:29:40
8261002,01,912363,Geldautomaat,Available,False,2024-06-22 22:29:40
8261005,01,610949,Sealbag-automaat,Available,False,2024-06-22 22:29:40
8261005,02,913585,Geldautomaat,Available,False,2024-06-22 22:29:40
8261006,01,810537,Geld storten en opnemen,Unavailable,False,2024-06-22 22:29:41
8265001,01,911582,Geldautomaat,Available,False,2024-06-22 22:29:41
8265002,01,911165,Geldautomaat,Available,False,2024-06-22 22:29:42
8265003,01,911166,Geldautomaat,Available,False,2024-06-22 22:29:42
8265004,01,910011,Geldautomaat,Available,False,2024-06-22 22:29:43
8266001,01,812621,Geld storten en opnemen,Available,True,2024-06-22 22:29:43
8271001,01,810023,Geld storten en opnemen,Unavailable,False,2024-06-22 22:29:43
8271001,02,920496,Geldautomaat,Available,False,2024-06-22 22:29:43
8281001,01,610004,Sealbag-automaat,Available,False,2024-06-22 22:29:44
8281001,02,810061,Geld storten en opnemen,Available,True,2024-06-22 22:29:44
8281001,03,810060,Geld storten en opnemen,Available,True,2024-06-22 22:29:44
8281002,01,910804,Geldautomaat,Available,False,2024-06-22 22:29:44
8302001,01,912278,Geldautomaat,Available,False,2024-06-22 22:29:45
8302002,01,911153,Geldautomaat,Available,False,2024-06-22 22:29:45
8302006,01,811511,Geld storten en opnemen,Available,True,2024-06-22 22:29:45
8302007,01,812091,Geld storten en opnemen,Available,True,2024-06-22 22:29:46
8302009,01,611328,Sealbag-automaat,Available,False,2024-06-22 22:29:46
8302009,02,920356,Geldautomaat,Available,False,2024-06-22 22:29:46
8307001,01,920492,Geldautomaat,Available,False,2024-06-22 22:29:47
8308002,01,812101,Geld storten en opnemen,Available,True,2024-06-22 22:29:47
8312001,01,920497,Geldautomaat,Available,False,2024-06-22 22:29:48
8316001,01,910004,Geldautomaat,Available,False,2024-06-22 22:29:48
8321001,01,810824,Geld storten en opnemen,Available,True,2024-06-22 22:29:48
8321001,02,610605,Sealbag-automaat,Available,False,2024-06-22 22:29:48
8321003,01,910828,Geldautomaat,Available,False,2024-06-22 22:29:49
8321006,01,812179,Geld storten en opnemen,Available,True,2024-06-22 22:29:49
8322001,01,920374,Geldautomaat,Available,False,2024-06-22 22:29:50
8325001,01,810273,Geld storten en opnemen,Available,True,2024-06-22 22:29:50
8326001,01,920109,Geldautomaat,Available,False,2024-06-22 22:29:50
8331001,01,810251,Geld storten en opnemen,Available,True,2024-06-22 22:29:51
8331001,02,610201,Sealbag-automaat,Available,False,2024-06-22 22:29:51
8331003,01,911816,Geldautomaat,Available,False,2024-06-22 22:29:51
8331004,01,920502,Geldautomaat,Available,False,2024-06-22 22:29:52
8332001,01,910798,Geldautomaat,Available,False,2024-06-22 22:29:52
8341001,01,920468,Geldautomaat,Available,False,2024-06-22 22:29:53
8355001,01,920471,Geldautomaat,Available,False,2024-06-22 22:29:53
8356001,01,920151,Geldautomaat,Available,False,2024-06-22 22:29:53
8374001,01,910007,Geldautomaat,Available,False,2024-06-22 22:29:54
8375001,01,610280,Sealbag-automaat,Available,False,2024-06-22 22:29:54
8375001,02,921048,Geldautomaat,Available,False,2024-06-22 22:29:54
8381001,01,930075,Geldautomaat,Available,False,2024-06-22 22:29:55
8391001,01,911730,Geldautomaat,Available,False,2024-06-22 22:29:55
8391001,02,610150,Sealbag-automaat,Available,False,2024-06-22 22:29:55
8391003,01,811159,Geld storten en opnemen,Available,True,2024-06-22 22:29:56
8401001,01,920676,Geldautomaat,Available,False,2024-06-22 22:29:56
8401001,02,610114,Sealbag-automaat,Available,False,2024-06-22 22:29:56
8401002,01,911655,Geldautomaat,Available,False,2024-06-22 22:29:56
8401003,01,811517,Geld storten en opnemen,Available,True,2024-06-22 22:29:57
8401005,01,812683,Geld storten en opnemen,Available,True,2024-06-22 22:29:57
8411001,01,810043,Geld storten en opnemen,Available,True,2024-06-22 22:29:58
8414001,01,920564,Geldautomaat,Available,False,2024-06-22 22:29:58
8421001,01,920074,Geldautomaat,Available,False,2024-06-22 22:29:58
8426001,01,810041,Geld storten en opnemen,Available,True,2024-06-22 22:29:59
8431001,01,911746,Geldautomaat,Available,False,2024-06-22 22:29:59
8431004,01,812356,Geld storten en opnemen,Available,True,2024-06-22 22:30:00
8431005,01,812528,Geld storten en opnemen,Available,True,2024-06-22 22:30:00
8433001,01,911922,Geldautomaat,Available,False,2024-06-22 22:30:00
8433001,02,610253,Sealbag-automaat,Available,False,2024-06-22 22:30:00
8435001,01,910759,Geldautomaat,Available,False,2024-06-22 22:30:01
8441001,01,912309,Geldautomaat,Available,False,2024-06-22 22:30:01
8442001,01,912308,Geldautomaat,Available,False,2024-06-22 22:30:01
8443001,01,910824,Geldautomaat,Available,False,2024-06-22 22:30:02
8458001,01,920283,Geldautomaat,Available,False,2024-06-22 22:30:02
8463001,01,920073,Geldautomaat,Available,False,2024-06-22 22:30:03
8471001,01,810647,Geld storten en opnemen,Available,True,2024-06-22 22:30:03
8471002,01,912517,Geldautomaat,Available,False,2024-06-22 22:30:03
8471007,01,811906,Geld storten en opnemen,Available,True,2024-06-22 22:30:04
8491001,01,920869,Geldautomaat,Available,False,2024-06-22 22:30:05
8501001,01,610334,Sealbag-automaat,Available,False,2024-06-22 22:30:05
8501001,02,810378,Geld storten en opnemen,Unavailable,False,2024-06-22 22:30:05
8501004,01,811332,Geld storten en opnemen,Available,True,2024-06-22 22:30:05
8501006,01,912116,Geldautomaat,Available,False,2024-06-22 22:30:06
8521001,01,610191,Sealbag-automaat,Available,False,2024-06-22 22:30:06
8521001,02,920569,Geldautomaat,Available,False,2024-06-22 22:30:06
8525001,01,920572,Geldautomaat,Available,False,2024-06-22 22:30:07
8531001,01,810189,Geld storten en opnemen,Available,True,2024-06-22 22:30:07
8531001,02,610133,Sealbag-automaat,Available,False,2024-06-22 22:30:07
8531004,01,811930,Geld storten en opnemen,Available,True,2024-06-22 22:30:08
8531005,01,914859,Geldautomaat,Available,False,2024-06-22 22:30:08
8539001,01,920571,Geldautomaat,Available,False,2024-06-22 22:30:09
8551001,01,920429,Geldautomaat,Available,False,2024-06-22 22:30:09
8556001,01,920430,Geldautomaat,Available,False,2024-06-22 22:30:09
8561001,01,811404,Geld storten en opnemen,Available,True,2024-06-22 22:30:10
8561003,01,920484,Geldautomaat,Available,False,2024-06-22 22:30:10
8561003,02,611004,Sealbag-automaat,Available,False,2024-06-22 22:30:10
8567001,01,920486,Geldautomaat,Available,False,2024-06-22 22:30:11
8574001,01,920554,Geldautomaat,Available,False,2024-06-22 22:30:11
8601001,01,914107,Geldautomaat,Available,False,2024-06-22 22:30:11
8601001,02,810604,Geld storten en opnemen,Available,True,2024-06-22 22:30:11
8601002,01,912436,Geldautomaat,Available,False,2024-06-22 22:30:12
8601003,01,920135,Geldautomaat,Available,False,2024-06-22 22:30:12
8601005,01,920823,Geldautomaat,Available,False,2024-06-22 22:30:13
8601006,01,913588,Geldautomaat,Available,False,2024-06-22 22:30:13
8601006,02,913587,Geldautomaat,Available,False,2024-06-22 22:30:13
8601006,03,610953,Sealbag-automaat,Available,False,2024-06-22 22:30:13
8601007,01,811426,Geld storten en opnemen,Available,True,2024-06-22 22:30:13
8604001,01,913881,Geldautomaat,Available,False,2024-06-22 22:30:14
8604002,01,911277,Geldautomaat,Available,False,2024-06-22 22:30:14
8621001,01,610254,Sealbag-automaat,Available,False,2024-06-22 22:30:15
8621001,02,920973,Geldautomaat,Available,False,2024-06-22 22:30:15
8701002,01,920559,Geldautomaat,Available,False,2024-06-22 22:30:15
8701003,01,811086,Geld storten en opnemen,Available,True,2024-06-22 22:30:15
8711001,01,811433,Geld storten en opnemen,Available,True,2024-06-22 22:30:16
8711002,01,610607,Sealbag-automaat,Available,False,2024-06-22 22:30:16
8711002,02,920227,Geldautomaat,Available,False,2024-06-22 22:30:16
8713001,01,920288,Geldautomaat,Available,False,2024-06-22 22:30:16
8715001,01,810008,Geld storten en opnemen,Available,True,2024-06-22 22:30:17
8723001,01,812355,Geld storten en opnemen,Available,True,2024-06-22 22:30:17
8723001,02,920969,Geldautomaat,Available,False,2024-06-22 22:30:17
8731001,01,911554,Geldautomaat,Available,False,2024-06-22 22:30:18
8731001,02,610067,Sealbag-automaat,Available,False,2024-06-22 22:30:18
8754001,01,921032,Geldautomaat,Available,False,2024-06-22 22:30:18
8801001,01,911274,Geldautomaat,Available,False,2024-06-22 22:30:18
8801003,01,811117,Geld storten en opnemen,Available,True,2024-06-22 22:30:19
8801004,01,812920,Geld storten en opnemen,Available,True,2024-06-22 22:30:19
8821001,01,812039,Geld storten en opnemen,Available,True,2024-06-22 22:30:20
8822001,01,813092,Geld storten en opnemen,Available,True,2024-06-22 22:30:20
8831001,01,812183,Geld storten en opnemen,Available,True,2024-06-22 22:30:21
8855001,01,813086,Geld storten en opnemen,Available,True,2024-06-22 22:30:21
8861001,01,921356,Geldautomaat,Available,False,2024-06-22 22:30:21
8861002,01,610403,Sealbag-automaat,Available,False,2024-06-22 22:30:22
8861002,02,920967,Geldautomaat,Available,False,2024-06-22 22:30:22
8861005,01,810506,Geld storten en opnemen,Available,True,2024-06-22 22:30:22
8862001,01,920704,Geldautomaat,Available,False,2024-06-22 22:30:23
8881001,01,810835,Geld storten en opnemen,Available,True,2024-06-22 22:30:23
8881001,02,610610,Sealbag-automaat,Available,False,2024-06-22 22:30:23
8881002,01,811376,Geld storten en opnemen,Available,True,2024-06-22 22:30:23
8881003,01,912729,Geldautomaat,Unavailable,False,2024-06-22 22:30:24
8881005,01,920601,Geldautomaat,Unavailable,False,2024-06-22 22:30:24
8891001,01,610062,Sealbag-automaat,Available,False,2024-06-22 22:30:25
8891001,02,920602,Geldautomaat,Available,False,2024-06-22 22:30:25
8891003,01,813078,Geld storten en opnemen,Available,True,2024-06-22 22:30:25
8899001,01,811375,Geld storten en opnemen,Available,True,2024-06-22 22:30:25
8899002,01,920613,Geldautomaat,Available,False,2024-06-22 22:30:26
8899002,02,610599,Sealbag-automaat,Available,False,2024-06-22 22:30:26
8899003,01,912720,Geldautomaat,Available,False,2024-06-22 22:30:26
8911001,01,921368,Geldautomaat,Available,False,2024-06-22 22:30:27
8911002,01,912367,Geldautomaat,Available,False,2024-06-22 22:30:27
8911008,01,811546,Geld storten en opnemen,Available,True,2024-06-22 22:30:28
8911009,01,812250,Geld storten en opnemen,Available,True,2024-06-22 22:30:29
8911010,01,812040,Geld storten en opnemen,Available,True,2024-06-22 22:30:29
8913001,01,914833,Geldautomaat,Available,False,2024-06-22 22:30:29
8916001,01,910080,Geldautomaat,Available,False,2024-06-22 22:30:30
8918001,01,930146,Geldautomaat,Available,False,2024-06-22 22:30:30
8918003,01,811730,Geld storten en opnemen,Available,True,2024-06-22 22:30:31
8918004,01,812555,Geld storten en opnemen,Available,True,2024-06-22 22:30:31
8924001,01,914057,Geldautomaat,Available,False,2024-06-22 22:30:31
8924002,01,920442,Geldautomaat,Available,False,2024-06-22 22:30:32
8924003,01,812733,Geld storten en opnemen,Available,True,2024-06-22 22:30:32
8925001,01,930126,Geldautomaat,Available,False,2024-06-22 22:30:33
8925002,01,812243,Geld storten en opnemen,Available,True,2024-06-22 22:30:33
8932001,01,914135,Geldautomaat,Available,False,2024-06-22 22:30:34
8932002,01,911271,Geldautomaat,Available,False,2024-06-22 22:30:34
8933001,01,911273,Geldautomaat,Available,False,2024-06-22 22:30:34
8934001,01,910154,Geldautomaat,Available,False,2024-06-22 22:30:35
8936002,01,912781,Geldautomaat,Available,False,2024-06-22 22:30:35
8936006,01,811668,Geld storten en opnemen,Available,True,2024-06-22 22:30:36
8939001,01,920610,Geldautomaat,Available,False,2024-06-22 22:30:36
9001001,01,811327,Geld storten en opnemen,Unavailable,False,2024-06-22 22:30:36
9005001,01,920083,Geldautomaat,Available,False,2024-06-22 22:30:37
9036001,01,910062,Geldautomaat,Available,False,2024-06-22 22:30:37
9041001,01,812086,Geld storten en opnemen,Available,True,2024-06-22 22:30:38
9047001,01,920473,Geldautomaat,Available,False,2024-06-22 22:30:38
9051001,01,810252,Geld storten en opnemen,Available,True,2024-06-22 22:30:38
9051002,01,911378,Geldautomaat,Available,False,2024-06-22 22:30:39
9051006,01,812629,Geld storten en opnemen,Available,True,2024-06-22 22:30:39
9061001,01,920871,Geldautomaat,Available,False,2024-06-22 22:30:39
9074001,01,920618,Geldautomaat,Available,False,2024-06-22 22:30:40
9076001,01,911808,Geldautomaat,Available,False,2024-06-22 22:30:40
9076003,01,812624,Geld storten en opnemen,Available,True,2024-06-22 22:30:41
9101001,01,810154,Geld storten en opnemen,Available,True,2024-06-22 22:30:41
9101002,01,911611,Geldautomaat,Available,False,2024-06-22 22:30:41
9101006,01,610093,Sealbag-automaat,Available,False,2024-06-22 22:30:42
9101006,02,920897,Geldautomaat,Available,False,2024-06-22 22:30:42
9101007,01,813139,Geld storten en opnemen,Available,True,2024-06-22 22:30:42
9104001,01,912554,Geldautomaat,Available,False,2024-06-22 22:30:43
9104003,01,811500,Geld storten en opnemen,Available,True,2024-06-22 22:30:43
9111001,01,920523,Geldautomaat,Available,False,2024-06-22 22:30:43
9133001,01,920527,Geldautomaat,Available,False,2024-06-22 22:30:44
9145001,01,920136,Geldautomaat,Available,False,2024-06-22 22:30:44
9151001,01,920085,Geldautomaat,Available,False,2024-06-22 22:30:45
9161001,01,920881,Geldautomaat,Available,False,2024-06-22 22:30:45
9163001,01,811345,Geld storten en opnemen,Available,True,2024-06-22 22:30:45
9163003,01,920629,Geldautomaat,Available,False,2024-06-22 22:30:46
9163003,02,611437,Sealbag-automaat,Available,False,2024-06-22 22:30:46
9166001,01,911784,Geldautomaat,Available,False,2024-06-22 22:30:46
9166002,01,610179,Sealbag-automaat,Available,False,2024-06-22 22:30:47
9166002,02,812433,Geld storten en opnemen,Available,True,2024-06-22 22:30:47
9172002,01,920901,Geldautomaat,Available,False,2024-06-22 22:30:47
9172002,02,611356,Sealbag-automaat,Available,False,2024-06-22 22:30:47
9201001,01,812585,Geld storten en opnemen,Available,True,2024-06-22 22:30:47
9202001,01,921216,Geldautomaat,Available,False,2024-06-22 22:30:48
9202002,01,911358,Geldautomaat,Available,False,2024-06-22 22:30:48
9203001,01,930100,Geldautomaat,Available,False,2024-06-22 22:30:49
9203002,01,921378,Geldautomaat,Available,False,2024-06-22 22:30:49
9203006,01,811507,Geld storten en opnemen,Available,True,2024-06-22 22:30:49
9203007,01,810477,Geld storten en opnemen,Available,True,2024-06-22 22:30:50
9204001,01,910183,Geldautomaat,Unavailable,False,2024-06-22 22:30:50
9204002,01,920596,Geldautomaat,Available,False,2024-06-22 22:30:51
9204002,02,611464,Sealbag-automaat,Available,False,2024-06-22 22:30:51
9212001,01,920597,Geldautomaat,Available,False,2024-06-22 22:30:51
9216001,01,920688,Geldautomaat,Available,False,2024-06-22 22:30:51
9231001,01,911420,Geldautomaat,Available,False,2024-06-22 22:30:52
9231004,01,811369,Geld storten en opnemen,Available,True,2024-06-22 22:30:52
9231005,01,812678,Geld storten en opnemen,Available,True,2024-06-22 22:30:53
9244001,01,920747,Geldautomaat,Available,False,2024-06-22 22:30:53
9247001,01,920760,Geldautomaat,Available,False,2024-06-22 22:30:54
9251001,01,810443,Geld storten en opnemen,Unavailable,True,2024-06-22 22:30:54
9251001,02,610890,Sealbag-automaat,Available,False,2024-06-22 22:30:54
9251004,01,812174,Geld storten en opnemen,Available,True,2024-06-22 22:30:55
9254001,01,911349,Geldautomaat,Available,False,2024-06-22 22:30:55
9254003,01,812748,Geld storten en opnemen,Available,True,2024-06-22 22:30:56
9261001,01,920024,Geldautomaat,Available,False,2024-06-22 22:30:56
9263001,01,920990,Geldautomaat,Available,False,2024-06-22 22:30:56
9264001,01,812670,Geld storten en opnemen,Available,True,2024-06-22 22:30:57
9269001,01,920761,Geldautomaat,Available,False,2024-06-22 22:30:57
9271001,01,610092,Sealbag-automaat,Available,False,2024-06-22 22:30:58
9271001,02,920713,Geldautomaat,Available,False,2024-06-22 22:30:58
9281001,01,910208,Geldautomaat,Available,False,2024-06-22 22:30:58
9285001,01,813011,Geld storten en opnemen,Available,True,2024-06-22 22:30:58
9285001,02,610089,Sealbag-automaat,Available,False,2024-06-22 22:30:58
9288001,01,920580,Geldautomaat,Available,False,2024-06-22 22:30:59
9291001,01,610292,Sealbag-automaat,Available,False,2024-06-22 22:30:59
9291001,02,920819,Geldautomaat,Available,False,2024-06-22 22:30:59
9291002,01,811334,Geld storten en opnemen,Available,True,2024-06-22 22:31:00
9298001,01,920234,Geldautomaat,Available,False,2024-06-22 22:31:00
9301001,01,921068,Geldautomaat,Available,False,2024-06-22 22:31:00
9301004,01,811567,Geld storten en opnemen,Available,True,2024-06-22 22:31:01
9301005,01,812531,Geld storten en opnemen,Available,True,2024-06-22 22:31:01
9311001,01,910221,Geldautomaat,Available,False,2024-06-22 22:31:02
9321001,01,910277,Geldautomaat,Available,False,2024-06-22 22:31:02
9331001,01,810202,Geld storten en opnemen,Available,True,2024-06-22 22:31:02
9351001,01,810794,Geld storten en opnemen,Unavailable,False,2024-06-22 22:31:03
9351001,02,610592,Sealbag-automaat,Available,False,2024-06-22 22:31:03
9351002,01,811139,Geld storten en opnemen,Available,True,2024-06-22 22:31:03
9351003,01,912696,Geldautomaat,Available,False,2024-06-22 22:31:04
9356001,01,920998,Geldautomaat,Available,False,2024-06-22 22:31:05
9363001,01,930103,Geldautomaat,Available,False,2024-06-22 22:31:05
9363002,01,920298,Geldautomaat,Available,False,2024-06-22 22:31:05
9401001,01,810134,Geld storten en opnemen,Available,True,2024-06-22 22:31:06
9401001,02,610070,Sealbag-automaat,Available,False,2024-06-22 22:31:06
9401001,03,810133,Geld storten en opnemen,Available,True,2024-06-22 22:31:06
9401003,01,921184,Geldautomaat,Available,False,2024-06-22 22:31:07
9401008,01,811486,Geld storten en opnemen,Available,True,2024-06-22 22:31:07
9401009,01,812083,Geld storten en opnemen,Available,True,2024-06-22 22:31:08
9403002,01,920796,Geldautomaat,Unavailable,False,2024-06-22 22:31:08
9404001,01,930144,Geldautomaat,Available,False,2024-06-22 22:31:08
9405001,01,913969,Geldautomaat,Available,False,2024-06-22 22:31:09
9406001,01,913983,Geldautomaat,Available,False,2024-06-22 22:31:09
9406001,02,913982,Geldautomaat,Available,False,2024-06-22 22:31:09
9407001,01,921314,Geldautomaat,Available,False,2024-06-22 22:31:10
9408001,01,911953,Geldautomaat,Available,False,2024-06-22 22:31:10
9408003,01,812536,Geld storten en opnemen,Available,True,2024-06-22 22:31:11
9411001,01,912200,Geldautomaat,Available,False,2024-06-22 22:31:11
9411002,01,811078,Geld storten en opnemen,Available,True,2024-06-22 22:31:11
9411004,01,812558,Geld storten en opnemen,Available,True,2024-06-22 22:31:12
9422001,01,810089,Geld storten en opnemen,Available,True,2024-06-22 22:31:12
9423001,01,920125,Geldautomaat,Available,False,2024-06-22 22:31:13
9431001,01,811896,Geld storten en opnemen,Available,True,2024-06-22 22:31:13
9431002,01,611457,Sealbag-automaat,Available,False,2024-06-22 22:31:13
9431002,02,920782,Geldautomaat,Available,False,2024-06-22 22:31:13
9451002,01,811171,Geld storten en opnemen,Available,True,2024-06-22 22:31:14
9451003,01,914878,Geldautomaat,Available,False,2024-06-22 22:31:14
9461001,01,811122,Geld storten en opnemen,Available,True,2024-06-22 22:31:14
9461002,01,920790,Geldautomaat,Available,False,2024-06-22 22:31:15
9468001,01,920797,Geldautomaat,Available,False,2024-06-22 22:31:15
9471003,01,811385,Geld storten en opnemen,Available,True,2024-06-22 22:31:16
9471005,01,913683,Geldautomaat,Available,False,2024-06-22 22:31:16
9501001,01,921054,Geldautomaat,Available,False,2024-06-22 22:31:17
9501003,01,811427,Geld storten en opnemen,Available,True,2024-06-22 22:31:17
9501004,01,611059,Sealbag-automaat,Available,False,2024-06-22 22:31:17
9501004,02,914007,Geldautomaat,Available,False,2024-06-22 22:31:17
9501007,01,811889,Geld storten en opnemen,Available,True,2024-06-22 22:31:18
9514001,01,920501,Geldautomaat,Unavailable,False,2024-06-22 22:31:18
9521001,01,920581,Geldautomaat,Available,False,2024-06-22 22:31:19
9531001,01,912222,Geldautomaat,Unavailable,False,2024-06-22 22:31:19
9531002,01,811406,Geld storten en opnemen,Available,True,2024-06-22 22:31:19
9541001,01,920978,Geldautomaat,Available,False,2024-06-22 22:31:20
9541001,02,610633,Sealbag-automaat,Available,False,2024-06-22 22:31:20
9541002,01,811591,Geld storten en opnemen,Available,True,2024-06-22 22:31:20
9551001,01,920673,Geldautomaat,Available,False,2024-06-22 22:31:21
9561001,01,913932,Geldautomaat,Available,False,2024-06-22 22:31:21
9561002,01,910383,Geldautomaat,Available,False,2024-06-22 22:31:22
9561003,01,921027,Geldautomaat,Available,False,2024-06-22 22:31:22
9561003,02,610933,Sealbag-automaat,Available,False,2024-06-22 22:31:22
9561006,01,811370,Geld storten en opnemen,Available,True,2024-06-22 22:31:22
9571002,01,813101,Geld storten en opnemen,Available,True,2024-06-22 22:31:23
9581002,01,811151,Geld storten en opnemen,Available,True,2024-06-22 22:31:23
9581003,01,811152,Geld storten en opnemen,Available,True,2024-06-22 22:31:24
9581003,02,610638,Sealbag-automaat,Available,False,2024-06-22 22:31:24
9591001,01,920498,Geldautomaat,Available,False,2024-06-22 22:31:24
9601001,01,920038,Geldautomaat,Available,False,2024-06-22 22:31:24
9603001,01,921055,Geldautomaat,Available,False,2024-06-22 22:31:25
9603003,01,611033,Sealbag-automaat,Available,False,2024-06-22 22:31:25
9603003,02,811790,Geld storten en opnemen,Available,True,2024-06-22 22:31:25
9603005,01,811536,Geld storten en opnemen,Available,True,2024-06-22 22:31:26
9611001,01,920539,Geldautomaat,Available,False,2024-06-22 22:31:26
9611004,01,920040,Geldautomaat,Available,False,2024-06-22 22:31:26
9617001,01,810007,Geld storten en opnemen,Available,True,2024-06-22 22:31:27
9626001,01,813009,Geld storten en opnemen,Available,True,2024-06-22 22:31:28
9628001,01,911790,Geldautomaat,Available,False,2024-06-22 22:31:28
9628002,01,911791,Geldautomaat,Available,False,2024-06-22 22:31:28
9628002,02,610181,Sealbag-automaat,Available,False,2024-06-22 22:31:28
9641001,01,810263,Geld storten en opnemen,Available,True,2024-06-22 22:31:29
9641001,02,610215,Sealbag-automaat,Available,False,2024-06-22 22:31:29
9641001,03,810264,Geld storten en opnemen,Available,True,2024-06-22 22:31:29
9641006,01,811584,Geld storten en opnemen,Available,True,2024-06-22 22:31:30
9642001,01,910014,Geldautomaat,Available,False,2024-06-22 22:31:30
9645001,01,910319,Geldautomaat,Available,False,2024-06-22 22:31:30
9648001,01,920578,Geldautomaat,Available,False,2024-06-22 22:31:31
9649001,01,910418,Geldautomaat,Available,False,2024-06-22 22:31:31
9663001,01,910473,Geldautomaat,Available,False,2024-06-22 22:31:32
9665001,01,811162,Geld storten en opnemen,Available,True,2024-06-22 22:31:32
9665002,01,920598,Geldautomaat,Available,False,2024-06-22 22:31:33
9671005,01,811599,Geld storten en opnemen,Available,True,2024-06-22 22:31:33
9672001,01,921074,Geldautomaat,Available,False,2024-06-22 22:31:33
9679003,01,811794,Geld storten en opnemen,Available,True,2024-06-22 22:31:34
9686001,01,920592,Geldautomaat,Available,False,2024-06-22 22:31:34
9695001,01,910486,Geldautomaat,Available,False,2024-06-22 22:31:35
9697001,01,920593,Geldautomaat,Available,False,2024-06-22 22:31:35
9711002,01,921080,Geldautomaat,Available,False,2024-06-22 22:31:35
9711003,01,912114,Geldautomaat,Available,False,2024-06-22 22:31:36
9711004,01,921087,Geldautomaat,Available,False,2024-06-22 22:31:36
9712001,01,810175,Geld storten en opnemen,Available,True,2024-06-22 22:31:37
9712001,02,810176,Geld storten en opnemen,Available,True,2024-06-22 22:31:37
9712001,03,811837,Geld storten en opnemen,Available,True,2024-06-22 22:31:37
9712001,04,812851,Geld storten en opnemen,Available,True,2024-06-22 22:31:37
9712001,05,812850,Geld storten en opnemen,Available,True,2024-06-22 22:31:37
9712001,06,811836,Geld storten en opnemen,Available,True,2024-06-22 22:31:37
9712001,07,610116,Sealbag-automaat,Available,False,2024-06-22 22:31:37
9712002,01,911663,Geldautomaat,Available,False,2024-06-22 22:31:37
9712004,01,912757,Geldautomaat,Available,False,2024-06-22 22:31:38
9712005,01,913843,Geldautomaat,Available,False,2024-06-22 22:31:38
9712005,02,913842,Geldautomaat,Available,False,2024-06-22 22:31:38
9712005,03,913841,Geldautomaat,Available,False,2024-06-22 22:31:38
9712006,01,930092,Geldautomaat,Available,False,2024-06-22 22:31:38
9712010,01,811519,Geld storten en opnemen,Available,True,2024-06-22 22:31:39
9713001,01,812421,Geld storten en opnemen,Available,True,2024-06-22 22:31:39
9714001,01,914669,Geldautomaat,Unavailable,False,2024-06-22 22:31:39
9714003,01,813001,Geld storten en opnemen,Available,True,2024-06-22 22:31:40
9715001,01,921070,Geldautomaat,Available,False,2024-06-22 22:31:40
9718001,01,921073,Geldautomaat,Available,False,2024-06-22 22:31:41
9721001,01,910402,Geldautomaat,Available,False,2024-06-22 22:31:41
9721002,01,921078,Geldautomaat,Available,False,2024-06-22 22:31:42
9721004,01,813074,Geld storten en opnemen,Available,True,2024-06-22 22:31:42
9724001,01,810720,Geld storten en opnemen,Available,True,2024-06-22 22:31:42
9728001,01,920042,Geldautomaat,Available,False,2024-06-22 22:31:43
9728002,01,910564,Geldautomaat,Available,False,2024-06-22 22:31:43
9728003,01,811635,Geld storten en opnemen,Available,True,2024-06-22 22:31:44
9728007,01,920398,Geldautomaat,Available,False,2024-06-22 22:31:44
9731001,01,910568,Geldautomaat,Available,False,2024-06-22 22:31:45
9731002,01,910562,Geldautomaat,Available,False,2024-06-22 22:31:45
9733001,01,811267,Geld storten en opnemen,Available,True,2024-06-22 22:31:45
9733003,01,930008,Geldautomaat,Available,False,2024-06-22 22:31:46
9737002,01,811797,Geld storten en opnemen,Available,True,2024-06-22 22:31:46
9741001,01,920407,Geldautomaat,Available,False,2024-06-22 22:31:46
9741002,01,921211,Geldautomaat,Available,False,2024-06-22 22:31:47
9742001,01,921109,Geldautomaat,Available,False,2024-06-22 22:31:47
9742003,01,611129,Sealbag-automaat,Available,False,2024-06-22 22:31:48
9742003,02,811948,Geld storten en opnemen,Available,False,2024-06-22 22:31:48
9742005,01,811245,Geld storten en opnemen,Available,True,2024-06-22 22:31:48
9743001,01,914161,Geldautomaat,Available,False,2024-06-22 22:31:49
9743002,01,921128,Geldautomaat,Available,False,2024-06-22 22:31:49
9745001,01,910577,Geldautomaat,Available,False,2024-06-22 22:31:50
9751001,01,921090,Geldautomaat,Available,False,2024-06-22 22:31:50
9751002,01,812095,Geld storten en opnemen,Available,True,2024-06-22 22:31:51
9751002,02,611289,Sealbag-automaat,Available,False,2024-06-22 22:31:51
9751003,01,811522,Geld storten en opnemen,Available,True,2024-06-22 22:31:51
9761001,01,920044,Geldautomaat,Available,False,2024-06-22 22:31:51
9765001,01,810005,Geld storten en opnemen,Available,True,2024-06-22 22:31:52
9765002,01,921338,Geldautomaat,Available,False,2024-06-22 22:31:52
9765003,01,911353,Geldautomaat,Available,False,2024-06-22 22:31:53
9781001,01,810764,Geld storten en opnemen,Available,True,2024-06-22 22:31:53
9781001,02,610575,Sealbag-automaat,Available,False,2024-06-22 22:31:53
9781002,01,811075,Geld storten en opnemen,Available,True,2024-06-22 22:31:53
9791001,01,920575,Geldautomaat,Available,False,2024-06-22 22:31:54
9801001,01,921053,Geldautomaat,Available,False,2024-06-22 22:31:54
9801006,01,811813,Geld storten en opnemen,Available,True,2024-06-22 22:31:55
9822001,01,812380,Geld storten en opnemen,Available,True,2024-06-22 22:31:55
9831001,01,910580,Geldautomaat,Available,False,2024-06-22 22:31:55
9843003,01,813100,Geld storten en opnemen,Available,True,2024-06-22 22:31:56
9861001,01,911665,Geldautomaat,Available,False,2024-06-22 22:31:56
9861003,01,812525,Geld storten en opnemen,Available,True,2024-06-22 22:31:57
9865001,01,920029,Geldautomaat,Available,False,2024-06-22 22:31:57
9883001,01,910284,Geldautomaat,Available,False,2024-06-22 22:31:57
9901001,01,920414,Geldautomaat,Available,False,2024-06-22 22:31:58
9901004,01,812656,Geld storten en opnemen,Available,True,2024-06-22 22:31:58
9902002,01,911994,Geldautomaat,Available,False,2024-06-22 22:31:59
9919001,01,921056,Geldautomaat,Available,False,2024-06-22 22:31:59
9919002,01,910655,Geldautomaat,Available,False,2024-06-22 22:31:59
9933001,01,920891,Geldautomaat,Available,False,2024-06-22 22:32:00
9934001,01,920590,Geldautomaat,Available,False,2024-06-22 22:32:00
9934002,01,921127,Geldautomaat,Available,False,2024-06-22 22:32:00
9934007,01,811502,Geld storten en opnemen,Available,True,2024-06-22 22:32:01
9934010,01,611472,Sealbag-automaat,Available,False,2024-06-22 22:32:01
9934010,02,813007,Geld storten en opnemen,Available,True,2024-06-22 22:32:01
9951001,01,610231,Sealbag-automaat,Available,False,2024-06-22 22:32:02
9951001,02,810276,Geld storten en opnemen,Available,True,2024-06-22 22:32:02
9951002,01,910657,Geldautomaat,Available,False,2024-06-22 22:32:02
9965001,01,911641,Geldautomaat,Unavailable,False,2024-06-22 22:32:03
9967001,01,910653,Geldautomaat,Available,False,2024-06-22 22:32:03
9974001,01,920098,Geldautomaat,Available,False,2024-06-22 22:32:03
9981002,01,911421,Geldautomaat,Available,False,2024-06-22 22:32:04
9981003,01,610011,Sealbag-automaat,Available,False,2024-06-22 22:32:04
9981003,02,911422,Geldautomaat,Unavailable,False,2024-06-22 22:32:04
9981006,01,811713,Geld storten en opnemen,Available,True,2024-06-22 22:32:05
9982001,01,910660,Geldautomaat,Available,False,2024-06-22 22:32:05
9989001,01,920660,Geldautomaat,Available,False,2024-06-22 22:32:05
9991001,01,920723,Geldautomaat,Available,False,2024-06-22 22:32:06
2545005,01,811625,Geld storten en opnemen,Available,True,2024-06-22 22:32:09
3881005,01,813060,Geld storten en opnemen,Available,True,2024-06-22 22:32:11
3881005,02,611485,Sealbag-automaat,Available,False,2024-06-22 22:32:11
9033001,01,920086,Geldautomaat,Available,False,2024-06-22 22:32:17
1025006,01,930042,Geldautomaat,Available,False,2024-06-22 22:32:18
1025006,02,611501,Sealbag-automaat,Available,False,2024-06-22 22:32:18
1025006,03,813121,Geld storten en opnemen,Available,True,2024-06-22 22:32:18
1025007,01,813126,Geld storten en opnemen,Available,True,2024-06-22 22:32:19
1025007,02,813125,Geld storten en opnemen,Unavailable,True,2024-06-22 22:32:19
1025007,03,813124,Geld storten en opnemen,Available,True,2024-06-22 22:32:19
1025007,04,813122,Geld storten en opnemen,Available,True,2024-06-22 22:32:19
1025007,05,813123,Geld storten en opnemen,Available,True,2024-06-22 22:32:19
1095002,01,813163,Geld storten en opnemen,Available,True,2024-06-22 22:32:19
1191004,01,813150,Geld storten en opnemen,Available,True,2024-06-22 22:32:19
1315016,01,811480,Geld storten en opnemen,Available,True,2024-06-22 22:32:20
1688003,01,910603,Geldautomaat,Available,False,2024-06-22 22:32:21
1813003,01,813146,Geld storten en opnemen,Available,True,2024-06-22 22:32:21
1974002,01,813199,Geld storten en opnemen,Available,True,2024-06-22 22:32:22
2082002,01,813158,Geld storten en opnemen,Available,True,2024-06-22 22:32:22
2202004,01,611491,Sealbag-automaat,Available,False,2024-06-22 22:32:22
2202004,02,813084,Geld storten en opnemen,Available,True,2024-06-22 22:32:22
2253002,01,813190,Geld storten en opnemen,Available,True,2024-06-22 22:32:23
2545006,01,813114,Geld storten en opnemen,Available,True,2024-06-22 22:32:23
2661005,01,813194,Geld storten en opnemen,Available,True,2024-06-22 22:32:24
3078008,01,813206,Geld storten en opnemen,Available,True,2024-06-22 22:32:24
3131011,01,914884,Geldautomaat,Available,False,2024-06-22 22:32:24
3131011,02,611480,Sealbag-automaat,Available,False,2024-06-22 22:32:24
3131011,03,813041,Geld storten en opnemen,Available,True,2024-06-22 22:32:24
3131012,01,813044,Geld storten en opnemen,Available,True,2024-06-22 22:32:25
3131012,02,813187,Geld storten en opnemen,Available,True,2024-06-22 22:32:25
3131012,03,813188,Geld storten en opnemen,Available,True,2024-06-22 22:32:25
3131012,04,813042,Geld storten en opnemen,Available,True,2024-06-22 22:32:25
3131012,05,813043,Geld storten en opnemen,Available,True,2024-06-22 22:32:25
3218003,01,921323,Geldautomaat,Available,False,2024-06-22 22:32:25
3311010,01,611502,Sealbag-automaat,Available,False,2024-06-22 22:32:26
3311010,02,813127,Geld storten en opnemen,Available,True,2024-06-22 22:32:26
3311010,03,930043,Geldautomaat,Available,False,2024-06-22 22:32:26
3311011,01,813128,Geld storten en opnemen,Available,True,2024-06-22 22:32:26
3311011,02,813131,Geld storten en opnemen,Available,True,2024-06-22 22:32:26
3311011,03,813129,Geld storten en opnemen,Available,True,2024-06-22 22:32:26
3311011,04,813130,Geld storten en opnemen,Available,True,2024-06-22 22:32:26
3311011,05,813132,Geld storten en opnemen,Available,True,2024-06-22 22:32:26
3555001,01,813145,Geld storten en opnemen,Available,True,2024-06-22 22:32:26
3582001,01,813162,Geld storten en opnemen,Available,True,2024-06-22 22:32:27
3781005,01,930058,Geldautomaat,Available,False,2024-06-22 22:32:27
3781005,02,611504,Sealbag-automaat,Available,False,2024-06-22 22:32:27
4587003,01,813159,Geld storten en opnemen,Available,True,2024-06-22 22:32:27
4696002,01,813164,Geld storten en opnemen,Available,True,2024-06-22 22:32:28
4726002,01,813197,Geld storten en opnemen,Available,True,2024-06-22 22:32:28
4826005,01,813186,Geld storten en opnemen,Available,True,2024-06-22 22:32:29
4884001,01,813143,Geld storten en opnemen,Available,True,2024-06-22 22:32:29
5032003,01,813179,Geld storten en opnemen,Unavailable,True,2024-06-22 22:32:30
5042005,01,813178,Geld storten en opnemen,Available,True,2024-06-22 22:32:30
5151005,01,813016,Geld storten en opnemen,Available,True,2024-06-22 22:32:30
5151006,01,930051,Geldautomaat,Available,False,2024-06-22 22:32:31
5251005,01,930023,Geldautomaat,Available,False,2024-06-22 22:32:31
5261008,01,813201,Geld storten en opnemen,Unavailable,False,2024-06-22 22:32:32
5261009,01,930093,Geldautomaat,Available,False,2024-06-22 22:32:32
5341010,01,813013,Geld storten en opnemen,Available,True,2024-06-22 22:32:32
5431007,01,930035,Geldautomaat,Available,False,2024-06-22 22:32:33
5446002,01,930053,Geldautomaat,Available,False,2024-06-22 22:32:33
5463001,01,930067,Geldautomaat,Available,False,2024-06-22 22:32:34
5541003,01,930040,Geldautomaat,Available,False,2024-06-22 22:32:34
5627004,01,930024,Geldautomaat,Available,False,2024-06-22 22:32:34
5671005,01,921161,Geldautomaat,Available,False,2024-06-22 22:32:35
5706002,01,921196,Geldautomaat,Available,False,2024-06-22 22:32:35
5711006,01,921199,Geldautomaat,Available,False,2024-06-22 22:32:36
5741004,01,921237,Geldautomaat,Available,False,2024-06-22 22:32:36
5751009,01,930069,Geldautomaat,Available,False,2024-06-22 22:32:36
5757002,01,930054,Geldautomaat,Available,False,2024-06-22 22:32:37
5845002,01,930028,Geldautomaat,Available,False,2024-06-22 22:32:37
5861003,01,921348,Geldautomaat,Available,False,2024-06-22 22:32:38
5864002,01,921349,Geldautomaat,Available,False,2024-06-22 22:32:38
5931007,01,930019,Geldautomaat,Available,False,2024-06-22 22:32:38
5941002,01,930039,Geldautomaat,Available,False,2024-06-22 22:32:39
5953005,01,930068,Geldautomaat,Available,False,2024-06-22 22:32:39
5971002,01,930064,Geldautomaat,Available,False,2024-06-22 22:32:39
5975003,01,930021,Geldautomaat,Available,False,2024-06-22 22:32:40
5981007,01,930031,Geldautomaat,Available,False,2024-06-22 22:32:40
6014001,01,930030,Geldautomaat,Available,False,2024-06-22 22:32:41
6049002,01,921241,Geldautomaat,Available,False,2024-06-22 22:32:41
6074002,01,921243,Geldautomaat,Available,False,2024-06-22 22:32:41
6075003,01,921256,Geldautomaat,Available,False,2024-06-22 22:32:42
6081002,01,930066,Geldautomaat,Available,False,2024-06-22 22:32:42
6102002,01,930020,Geldautomaat,Available,False,2024-06-22 22:32:43
6161006,01,921240,Geldautomaat,Available,False,2024-06-22 22:32:43
6171005,01,930015,Geldautomaat,Available,False,2024-06-22 22:32:43
6213001,01,921202,Geldautomaat,Available,False,2024-06-22 22:32:44
6222001,01,921204,Geldautomaat,Available,False,2024-06-22 22:32:44
6228001,01,921205,Geldautomaat,Available,False,2024-06-22 22:32:45
6412001,01,921162,Geldautomaat,Available,False,2024-06-22 22:32:45
6436001,01,921164,Geldautomaat,Available,False,2024-06-22 22:32:45
6441005,01,921169,Geldautomaat,Available,False,2024-06-22 22:32:46
6461006,01,813196,Geld storten en opnemen,Available,True,2024-06-22 22:32:46
6562002,01,921232,Geldautomaat,Available,False,2024-06-22 22:32:47
6644001,01,930056,Geldautomaat,Available,False,2024-06-22 22:32:47
6663002,01,930048,Geldautomaat,Available,False,2024-06-22 22:32:47
6931005,01,813211,Geld storten en opnemen,Available,True,2024-06-22 22:32:48
7041004,01,813147,Geld storten en opnemen,Available,True,2024-06-22 22:32:48
7041004,02,611507,Sealbag-automaat,Available,False,2024-06-22 22:32:48
7101006,01,813192,Geld storten en opnemen,Available,True,2024-06-22 22:32:49
7481010,01,611506,Sealbag-automaat,Available,False,2024-06-22 22:32:49
7481010,02,813141,Geld storten en opnemen,Available,True,2024-06-22 22:32:49
7571007,01,813189,Geld storten en opnemen,Available,True,2024-06-22 22:32:49
7571007,02,611513,Sealbag-automaat,Available,False,2024-06-22 22:32:49
7921003,01,813157,Geld storten en opnemen,Available,True,2024-06-22 22:32:50
8012003,01,813144,Geld storten en opnemen,Available,True,2024-06-22 22:32:50
8911011,01,813115,Geld storten en opnemen,Unavailable,False,2024-06-22 22:32:50
8911011,02,611500,Sealbag-automaat,Available,False,2024-06-22 22:32:50
8911011,03,930041,Geldautomaat,Available,False,2024-06-22 22:32:50
8911012,01,813120,Geld storten en opnemen,Available,True,2024-06-22 22:32:51
8911012,02,813119,Geld storten en opnemen,Available,True,2024-06-22 22:32:51
8911012,03,813118,Geld storten en opnemen,Available,True,2024-06-22 22:32:51
8911012,04,813116,Geld storten en opnemen,Available,True,2024-06-22 22:32:51
8911012,05,813117,Geld storten en opnemen,Available,True,2024-06-22 22:32:51
