locatie_id,volgnummer,apparaat_id,type,status,statusReason,timestamp
1011001,01,611057,Sealbag-automaat,Unavailable,False,2025-01-10 00:11:34
1011001,02,811798,Geld storten en opnemen,Unavailable,True,2025-01-10 00:11:34
1011001,03,920366,Geldautomaat,Unavailable,False,2025-01-10 00:11:34
1011002,01,921907,Geldautomaat,Unavailable,False,2025-01-10 00:11:35
1011003,01,921129,Geldautomaat,Unavailable,False,2025-01-10 00:11:35
1012001,01,812212,Geld storten en opnemen,Unavailable,True,2025-01-10 00:11:36
1012002,01,810363,Geld storten en opnemen,Unavailable,True,2025-01-10 00:11:37
1012006,01,914201,Geldautomaat,Unavailable,False,2025-01-10 00:11:37
1012007,01,921130,Geldautomaat,Unavailable,False,2025-01-10 00:11:38
1012009,01,921137,Geldautomaat,Unavailable,False,2025-01-10 00:11:39
1012013,01,920974,Geldautomaat,Available,False,2025-01-10 00:11:41
1012013,02,812414,Geld storten en opnemen,Available,True,2025-01-10 00:11:41
1012013,03,611347,Sealbag-automaat,Unavailable,False,2025-01-10 00:11:41
1012014,01,812450,Geld storten en opnemen,Unavailable,True,2025-01-10 00:11:41
1012014,02,812469,Geld storten en opnemen,Unavailable,True,2025-01-10 00:11:41
1012015,01,920286,Geldautomaat,Unavailable,False,2025-01-10 00:11:42
1012015,02,611463,Sealbag-automaat,Unavailable,False,2025-01-10 00:11:42
1012017,01,812969,Geld storten en opnemen,Unavailable,True,2025-01-10 00:11:43
1012017,02,812971,Geld storten en opnemen,Unavailable,True,2025-01-10 00:11:43
1012017,03,812972,Geld storten en opnemen,Unavailable,True,2025-01-10 00:11:43
1012017,04,812970,Geld storten en opnemen,Unavailable,True,2025-01-10 00:11:43
1013001,01,921139,Geldautomaat,Unavailable,False,2025-01-10 00:11:44
1013002,01,921142,Geldautomaat,Unavailable,False,2025-01-10 00:11:45
1013003,01,811960,Geld storten en opnemen,Unavailable,True,2025-01-10 00:11:45
1013003,02,813033,Geld storten en opnemen,Unavailable,True,2025-01-10 00:11:45
1015001,01,811741,Geld storten en opnemen,Unavailable,True,2025-01-10 00:11:46
1015002,01,921051,Geldautomaat,Unavailable,False,2025-01-10 00:11:46
1015003,01,920706,Geldautomaat,Unavailable,False,2025-01-10 00:11:47
1016002,01,921393,Geldautomaat,Unavailable,False,2025-01-10 00:11:48
1016004,01,930098,Geldautomaat,Unavailable,False,2025-01-10 00:11:48
1016005,01,914064,Geldautomaat,Unavailable,False,2025-01-10 00:11:49
1017006,01,921408,Geldautomaat,Unavailable,False,2025-01-10 00:11:51
1017007,01,921052,Geldautomaat,Unavailable,False,2025-01-10 00:11:51
1017008,01,921143,Geldautomaat,Unavailable,False,2025-01-10 00:11:52
1017009,01,911452,Geldautomaat,Unavailable,False,2025-01-10 00:11:53
1017009,02,610019,Sealbag-automaat,Unavailable,False,2025-01-10 00:11:53
1017011,01,812816,Geld storten en opnemen,Available,True,2025-01-10 00:11:53
1017011,02,812814,Geld storten en opnemen,Available,True,2025-01-10 00:11:53
1017011,03,812815,Geld storten en opnemen,Available,True,2025-01-10 00:11:53
1017011,04,611088,Sealbag-automaat,Unavailable,False,2025-01-10 00:11:53
1017012,01,921151,Geldautomaat,Unavailable,False,2025-01-10 00:11:54
1018002,01,921483,Geldautomaat,Unavailable,False,2025-01-10 00:11:55
1018003,01,921530,Geldautomaat,Unavailable,False,2025-01-10 00:11:55
1018004,01,921394,Geldautomaat,Unavailable,False,2025-01-10 00:11:56
1018005,01,811066,Geld storten en opnemen,Unavailable,True,2025-01-10 00:11:57
1019001,01,921633,Geldautomaat,Unavailable,False,2025-01-10 00:11:57
1019004,01,812389,Geld storten en opnemen,Unavailable,True,2025-01-10 00:11:58
1019004,02,812821,Geld storten en opnemen,Unavailable,True,2025-01-10 00:11:58
1024001,01,921301,Geldautomaat,Unavailable,False,2025-01-10 00:11:58
1024002,01,920980,Geldautomaat,Unavailable,False,2025-01-10 00:11:59
1024004,01,811469,Geld storten en opnemen,Unavailable,True,2025-01-10 00:12:00
1025002,01,921692,Geldautomaat,Unavailable,False,2025-01-10 00:12:01
1031003,01,930091,Geldautomaat,Unavailable,False,2025-01-10 00:12:02
1031005,01,920404,Geldautomaat,Unavailable,False,2025-01-10 00:12:02
1031006,01,812538,Geld storten en opnemen,Unavailable,True,2025-01-10 00:12:03
1033002,01,921255,Geldautomaat,Unavailable,False,2025-01-10 00:12:04
1034001,01,920276,Geldautomaat,Unavailable,False,2025-01-10 00:12:04
1034002,01,811049,Geld storten en opnemen,Unavailable,True,2025-01-10 00:12:05
1035002,01,921344,Geldautomaat,Unavailable,False,2025-01-10 00:12:05
1035003,01,811274,Geld storten en opnemen,Unavailable,True,2025-01-10 00:12:06
1035005,01,812593,Geld storten en opnemen,Unavailable,True,2025-01-10 00:12:07
1051006,01,812429,Geld storten en opnemen,Unavailable,True,2025-01-10 00:12:08
1052001,01,930184,Geldautomaat,Unavailable,False,2025-01-10 00:12:08
1053003,01,921490,Geldautomaat,Unavailable,False,2025-01-10 00:12:09
1053005,01,811795,Geld storten en opnemen,Unavailable,False,2025-01-10 00:12:10
1053006,01,921363,Geldautomaat,Unavailable,False,2025-01-10 00:12:10
1053009,01,812931,Geld storten en opnemen,Unavailable,True,2025-01-10 00:12:11
1053009,02,920354,Geldautomaat,Unavailable,False,2025-01-10 00:12:11
1053009,03,611456,Sealbag-automaat,Unavailable,False,2025-01-10 00:12:11
1053010,01,812934,Geld storten en opnemen,Unavailable,False,2025-01-10 00:12:11
1053010,02,812936,Geld storten en opnemen,Unavailable,True,2025-01-10 00:12:11
1053010,03,812935,Geld storten en opnemen,Unavailable,True,2025-01-10 00:12:11
1053010,04,812933,Geld storten en opnemen,Unavailable,True,2025-01-10 00:12:11
1053010,05,812932,Geld storten en opnemen,Unavailable,True,2025-01-10 00:12:11
1054002,01,921366,Geldautomaat,Unavailable,False,2025-01-10 00:12:12
1054003,01,921168,Geldautomaat,Unavailable,False,2025-01-10 00:12:13
1055003,01,930158,Geldautomaat,Unavailable,False,2025-01-10 00:12:13
1055004,01,921316,Geldautomaat,Unavailable,False,2025-01-10 00:12:14
1055006,01,811476,Geld storten en opnemen,Unavailable,True,2025-01-10 00:12:15
1055006,02,811321,Geld storten en opnemen,Unavailable,True,2025-01-10 00:12:15
1056002,01,921088,Geldautomaat,Unavailable,False,2025-01-10 00:12:15
1056004,01,921491,Geldautomaat,Unavailable,False,2025-01-10 00:12:16
1056005,01,811255,Geld storten en opnemen,Unavailable,True,2025-01-10 00:12:16
1057003,01,920917,Geldautomaat,Unavailable,False,2025-01-10 00:12:17
1057005,01,921908,Geldautomaat,Unavailable,False,2025-01-10 00:12:18
1058002,01,811251,Geld storten en opnemen,Unavailable,True,2025-01-10 00:12:18
1058002,02,610927,Sealbag-automaat,Unavailable,False,2025-01-10 00:12:18
1059001,01,921093,Geldautomaat,Unavailable,False,2025-01-10 00:12:19
1062001,01,812339,Geld storten en opnemen,Unavailable,True,2025-01-10 00:12:19
1062002,01,921525,Geldautomaat,Unavailable,False,2025-01-10 00:12:20
1062003,01,921287,Geldautomaat,Unavailable,False,2025-01-10 00:12:21
1062004,01,810021,Geld storten en opnemen,Unavailable,True,2025-01-10 00:12:21
1062004,02,611024,Sealbag-automaat,Unavailable,False,2025-01-10 00:12:21
1062006,01,812615,Geld storten en opnemen,Unavailable,True,2025-01-10 00:12:22
1063001,01,912611,Geldautomaat,Unavailable,False,2025-01-10 00:12:23
1063001,02,611286,Sealbag-automaat,Unavailable,False,2025-01-10 00:12:23
1063002,01,921372,Geldautomaat,Unavailable,False,2025-01-10 00:12:23
1063004,01,810710,Geld storten en opnemen,Unavailable,False,2025-01-10 00:12:24
1063004,02,920848,Geldautomaat,Unavailable,False,2025-01-10 00:12:24
1063004,03,810711,Geld storten en opnemen,Unavailable,True,2025-01-10 00:12:24
1063006,01,812976,Geld storten en opnemen,Unavailable,True,2025-01-10 00:12:24
1063006,02,811288,Geld storten en opnemen,Unavailable,True,2025-01-10 00:12:24
1065003,01,921099,Geldautomaat,Unavailable,False,2025-01-10 00:12:25
1065004,01,811719,Geld storten en opnemen,Unavailable,True,2025-01-10 00:12:26
1066003,01,811278,Geld storten en opnemen,Unavailable,True,2025-01-10 00:12:26
1066004,01,921373,Geldautomaat,Unavailable,False,2025-01-10 00:12:27
1067001,01,811859,Geld storten en opnemen,Unavailable,False,2025-01-10 00:12:27
1067002,01,921526,Geldautomaat,Unavailable,False,2025-01-10 00:12:28
1068003,01,921962,Geldautomaat,Unavailable,False,2025-01-10 00:12:29
1068008,01,810400,Geld storten en opnemen,Unavailable,False,2025-01-10 00:12:30
1068011,01,812492,Geld storten en opnemen,Unavailable,True,2025-01-10 00:12:31
1068011,02,812806,Geld storten en opnemen,Unavailable,True,2025-01-10 00:12:31
1068011,03,812493,Geld storten en opnemen,Unavailable,False,2025-01-10 00:12:31
1068011,04,812491,Geld storten en opnemen,Unavailable,True,2025-01-10 00:12:31
1068011,05,812805,Geld storten en opnemen,Unavailable,True,2025-01-10 00:12:31
1068012,01,611393,Sealbag-automaat,Unavailable,False,2025-01-10 00:12:32
1068012,02,920390,Geldautomaat,Unavailable,False,2025-01-10 00:12:32
1069001,01,921780,Geldautomaat,Unavailable,False,2025-01-10 00:12:32
1069002,01,811306,Geld storten en opnemen,Unavailable,True,2025-01-10 00:12:33
1071001,01,914790,Geldautomaat,Unavailable,False,2025-01-10 00:12:34
1071002,01,930089,Geldautomaat,Unavailable,False,2025-01-10 00:12:34
1071005,01,812663,Geld storten en opnemen,Unavailable,True,2025-01-10 00:12:35
1071005,02,611082,Sealbag-automaat,Unavailable,False,2025-01-10 00:12:35
1072001,01,810109,Geld storten en opnemen,Unavailable,True,2025-01-10 00:12:35
1072001,02,810110,Geld storten en opnemen,Unavailable,True,2025-01-10 00:12:35
1072002,01,921532,Geldautomaat,Unavailable,False,2025-01-10 00:12:36
1072004,01,812374,Geld storten en opnemen,Unavailable,False,2025-01-10 00:12:37
1072004,02,812199,Geld storten en opnemen,Unavailable,True,2025-01-10 00:12:37
1073002,01,921541,Geldautomaat,Unavailable,False,2025-01-10 00:12:38
1073003,01,921921,Geldautomaat,Unavailable,False,2025-01-10 00:12:38
1073005,01,920415,Geldautomaat,Unavailable,False,2025-01-10 00:12:39
1073005,02,611390,Sealbag-automaat,Unavailable,False,2025-01-10 00:12:39
1073006,01,812485,Geld storten en opnemen,Unavailable,True,2025-01-10 00:12:40
1073006,02,812486,Geld storten en opnemen,Unavailable,True,2025-01-10 00:12:40
1073006,03,810394,Geld storten en opnemen,Unavailable,True,2025-01-10 00:12:40
1073006,04,812484,Geld storten en opnemen,Unavailable,True,2025-01-10 00:12:40
1073006,05,812546,Geld storten en opnemen,Unavailable,True,2025-01-10 00:12:40
1073006,06,812487,Geld storten en opnemen,Unavailable,True,2025-01-10 00:12:40
1076001,01,921589,Geldautomaat,Unavailable,False,2025-01-10 00:12:40
1076002,01,921922,Geldautomaat,Unavailable,False,2025-01-10 00:12:41
1076003,01,812131,Geld storten en opnemen,Unavailable,True,2025-01-10 00:12:42
1077001,01,921883,Geldautomaat,Unavailable,False,2025-01-10 00:12:42
1078001,01,921283,Geldautomaat,Unavailable,False,2025-01-10 00:12:43
1078003,01,921358,Geldautomaat,Unavailable,False,2025-01-10 00:12:44
1078005,01,921543,Geldautomaat,Unavailable,False,2025-01-10 00:12:45
1078008,01,812937,Geld storten en opnemen,Unavailable,False,2025-01-10 00:12:45
1079001,01,810119,Geld storten en opnemen,Unavailable,True,2025-01-10 00:12:46
1079002,01,921544,Geldautomaat,Unavailable,False,2025-01-10 00:12:46
1081001,01,910013,Geldautomaat,Unavailable,False,2025-01-10 00:12:47
1081002,01,920322,Geldautomaat,Unavailable,False,2025-01-10 00:12:48
1082001,01,921647,Geldautomaat,Unavailable,False,2025-01-10 00:12:48
1082002,01,921114,Geldautomaat,Unavailable,False,2025-01-10 00:12:49
1082003,01,610527,Sealbag-automaat,Unavailable,False,2025-01-10 00:12:50
1082003,02,813080,Geld storten en opnemen,Unavailable,True,2025-01-10 00:12:50
1082003,03,811914,Geld storten en opnemen,Unavailable,True,2025-01-10 00:12:50
1083001,01,910210,Geldautomaat,Unavailable,False,2025-01-10 00:12:51
1087002,01,930151,Geldautomaat,Unavailable,False,2025-01-10 00:12:51
1087003,01,810035,Geld storten en opnemen,Unavailable,True,2025-01-10 00:12:52
1087005,01,812823,Geld storten en opnemen,Unavailable,True,2025-01-10 00:12:53
1091002,01,914668,Geldautomaat,Unavailable,False,2025-01-10 00:12:53
1091003,01,921549,Geldautomaat,Unavailable,False,2025-01-10 00:12:54
1091004,01,921550,Geldautomaat,Unavailable,False,2025-01-10 00:12:54
1091007,01,813004,Geld storten en opnemen,Unavailable,True,2025-01-10 00:12:55
1092001,01,921551,Geldautomaat,Unavailable,False,2025-01-10 00:12:56
1093001,01,921050,Geldautomaat,Unavailable,False,2025-01-10 00:12:56
1093004,01,921082,Geldautomaat,Unavailable,False,2025-01-10 00:12:58
1093008,01,811455,Geld storten en opnemen,Unavailable,True,2025-01-10 00:12:58
1093009,01,810680,Geld storten en opnemen,Unavailable,True,2025-01-10 00:12:59
1093011,01,813054,Geld storten en opnemen,Unavailable,True,2025-01-10 00:12:59
1093011,02,914887,Geldautomaat,Unavailable,False,2025-01-10 00:12:59
1093011,03,611484,Sealbag-automaat,Unavailable,False,2025-01-10 00:12:59
1093012,01,813055,Geld storten en opnemen,Unavailable,True,2025-01-10 00:13:00
1093012,02,813058,Geld storten en opnemen,Unavailable,True,2025-01-10 00:13:00
1093012,03,813056,Geld storten en opnemen,Unavailable,True,2025-01-10 00:13:00
1093012,04,813059,Geld storten en opnemen,Unavailable,True,2025-01-10 00:13:00
1093012,05,813057,Geld storten en opnemen,Unavailable,True,2025-01-10 00:13:00
1094001,01,610026,Sealbag-automaat,Unavailable,False,2025-01-10 00:13:01
1094001,02,810090,Geld storten en opnemen,Unavailable,True,2025-01-10 00:13:01
1094002,01,921411,Geldautomaat,Unavailable,False,2025-01-10 00:13:01
1094003,01,920734,Geldautomaat,Unavailable,False,2025-01-10 00:13:02
1094003,02,920719,Geldautomaat,Unavailable,False,2025-01-10 00:13:02
1094009,01,812372,Geld storten en opnemen,Unavailable,True,2025-01-10 00:13:02
1095001,01,921932,Geldautomaat,Unavailable,False,2025-01-10 00:13:03
1098001,01,921437,Geldautomaat,Unavailable,False,2025-01-10 00:13:04
1098002,01,921250,Geldautomaat,Unavailable,False,2025-01-10 00:13:04
1098003,01,912603,Geldautomaat,Unavailable,False,2025-01-10 00:13:05
1102003,01,921475,Geldautomaat,Unavailable,False,2025-01-10 00:13:05
1102010,01,811632,Geld storten en opnemen,Unavailable,True,2025-01-10 00:13:07
1103001,01,920705,Geldautomaat,Unavailable,False,2025-01-10 00:13:07
1103002,01,930101,Geldautomaat,Unavailable,False,2025-01-10 00:13:08
1103003,01,812263,Geld storten en opnemen,Unavailable,True,2025-01-10 00:13:09
1104001,01,811439,Geld storten en opnemen,Unavailable,True,2025-01-10 00:13:09
1104002,01,921476,Geldautomaat,Unavailable,False,2025-01-10 00:13:10
1104003,01,920408,Geldautomaat,Unavailable,False,2025-01-10 00:13:10
1104003,02,920358,Geldautomaat,Unavailable,False,2025-01-10 00:13:10
1105002,01,812129,Geld storten en opnemen,Unavailable,True,2025-01-10 00:13:11
1106001,01,812666,Geld storten en opnemen,Unavailable,True,2025-01-10 00:13:12
1106001,02,920653,Geldautomaat,Unavailable,False,2025-01-10 00:13:12
1106004,01,921019,Geldautomaat,Unavailable,False,2025-01-10 00:13:12
1106013,01,812297,Geld storten en opnemen,Unavailable,True,2025-01-10 00:13:14
1106013,02,812298,Geld storten en opnemen,Unavailable,True,2025-01-10 00:13:14
1106013,03,920976,Geldautomaat,Unavailable,False,2025-01-10 00:13:14
1111001,01,930193,Geldautomaat,Unavailable,False,2025-01-10 00:13:14
1111006,01,810473,Geld storten en opnemen,Unavailable,True,2025-01-10 00:13:15
1111007,01,810474,Geld storten en opnemen,Unavailable,True,2025-01-10 00:13:15
1112004,01,813213,Geld storten en opnemen,Unavailable,True,2025-01-10 00:13:16
1115001,01,920230,Geldautomaat,Unavailable,False,2025-01-10 00:13:17
1121001,01,610006,Sealbag-automaat,Unavailable,False,2025-01-10 00:13:18
1121001,02,810063,Geld storten en opnemen,Unavailable,True,2025-01-10 00:13:18
1121003,01,811336,Geld storten en opnemen,Unavailable,True,2025-01-10 00:13:18
1121005,01,921252,Geldautomaat,Unavailable,False,2025-01-10 00:13:19
1131001,01,810614,Geld storten en opnemen,Unavailable,True,2025-01-10 00:13:20
1131001,02,913909,Geldautomaat,Available,False,2025-01-10 00:13:20
1131001,03,610492,Sealbag-automaat,Unavailable,False,2025-01-10 00:13:20
1131002,01,910378,Geldautomaat,Unavailable,False,2025-01-10 00:13:20
1131004,01,811593,Geld storten en opnemen,Unavailable,True,2025-01-10 00:13:21
1131005,01,921785,Geldautomaat,Unavailable,False,2025-01-10 00:13:21
1132002,01,913997,Geldautomaat,Unavailable,False,2025-01-10 00:13:22
1132003,01,921276,Geldautomaat,Unavailable,False,2025-01-10 00:13:23
1135002,01,913600,Geldautomaat,Unavailable,False,2025-01-10 00:13:23
1135003,01,921278,Geldautomaat,Unavailable,False,2025-01-10 00:13:24
1141001,01,910316,Geldautomaat,Unavailable,False,2025-01-10 00:13:24
1141002,01,920235,Geldautomaat,Unavailable,False,2025-01-10 00:13:25
1141002,02,610027,Sealbag-automaat,Unavailable,False,2025-01-10 00:13:25
1141003,01,921065,Geldautomaat,Unavailable,False,2025-01-10 00:13:26
1151001,01,920647,Geldautomaat,Unavailable,False,2025-01-10 00:13:26
1156001,01,920245,Geldautomaat,Unavailable,False,2025-01-10 00:13:27
1161001,01,921096,Geldautomaat,Unavailable,False,2025-01-10 00:13:28
1161002,01,811387,Geld storten en opnemen,Unavailable,True,2025-01-10 00:13:28
1171001,01,610072,Sealbag-automaat,Unavailable,False,2025-01-10 00:13:29
1171001,02,810136,Geld storten en opnemen,Unavailable,True,2025-01-10 00:13:29
1171002,01,921365,Geldautomaat,Unavailable,False,2025-01-10 00:13:29
1171004,01,811488,Geld storten en opnemen,Unavailable,True,2025-01-10 00:13:30
1181001,01,921369,Geldautomaat,Unavailable,False,2025-01-10 00:13:31
1181002,01,921092,Geldautomaat,Unavailable,False,2025-01-10 00:13:31
1181003,01,910310,Geldautomaat,Unavailable,False,2025-01-10 00:13:32
1181006,01,812361,Geld storten en opnemen,Unavailable,True,2025-01-10 00:13:32
1181006,02,611313,Sealbag-automaat,Unavailable,False,2025-01-10 00:13:32
1182001,01,921104,Geldautomaat,Unavailable,False,2025-01-10 00:13:33
1183001,01,811264,Geld storten en opnemen,Unavailable,True,2025-01-10 00:13:34
1183002,01,921263,Geldautomaat,Unavailable,False,2025-01-10 00:13:34
1185001,01,921478,Geldautomaat,Unavailable,False,2025-01-10 00:13:36
1185004,01,811627,Geld storten en opnemen,Unavailable,True,2025-01-10 00:13:36
1186003,01,930104,Geldautomaat,Unavailable,False,2025-01-10 00:13:37
1187001,01,921266,Geldautomaat,Unavailable,False,2025-01-10 00:13:38
1187002,01,911548,Geldautomaat,Unavailable,False,2025-01-10 00:13:39
1188001,01,921480,Geldautomaat,Unavailable,False,2025-01-10 00:13:39
1188002,01,812699,Geld storten en opnemen,Unavailable,True,2025-01-10 00:13:40
1211001,01,921289,Geldautomaat,Unavailable,False,2025-01-10 00:13:41
1211006,01,810523,Geld storten en opnemen,Unavailable,True,2025-01-10 00:13:42
1211007,01,920219,Geldautomaat,Available,False,2025-01-10 00:13:42
1211007,02,611423,Sealbag-automaat,Unavailable,False,2025-01-10 00:13:42
1211008,01,812747,Geld storten en opnemen,Unavailable,True,2025-01-10 00:13:43
1211008,02,812744,Geld storten en opnemen,Unavailable,True,2025-01-10 00:13:43
1211008,03,812746,Geld storten en opnemen,Unavailable,True,2025-01-10 00:13:43
1211008,04,812743,Geld storten en opnemen,Unavailable,True,2025-01-10 00:13:43
1211008,05,812745,Geld storten en opnemen,Unavailable,True,2025-01-10 00:13:43
1212001,01,920800,Geldautomaat,Unavailable,False,2025-01-10 00:13:43
1214002,01,811229,Geld storten en opnemen,Unavailable,True,2025-01-10 00:13:44
1214003,01,610608,Sealbag-automaat,Unavailable,False,2025-01-10 00:13:45
1214003,02,920795,Geldautomaat,Unavailable,False,2025-01-10 00:13:45
1215001,01,921296,Geldautomaat,Unavailable,False,2025-01-10 00:13:45
1216001,01,921293,Geldautomaat,Unavailable,False,2025-01-10 00:13:46
1216002,01,812635,Geld storten en opnemen,Unavailable,True,2025-01-10 00:13:47
1218001,01,930148,Geldautomaat,Unavailable,False,2025-01-10 00:13:47
1221001,01,811298,Geld storten en opnemen,Unavailable,True,2025-01-10 00:13:48
1223001,01,930134,Geldautomaat,Unavailable,False,2025-01-10 00:13:48
1223002,01,920532,Geldautomaat,Unavailable,False,2025-01-10 00:13:49
1223003,01,812661,Geld storten en opnemen,Unavailable,True,2025-01-10 00:13:50
1231001,01,610135,Sealbag-automaat,Unavailable,False,2025-01-10 00:13:50
1231001,02,920310,Geldautomaat,Unavailable,False,2025-01-10 00:13:50
1231003,01,921295,Geldautomaat,Unavailable,False,2025-01-10 00:13:51
1241001,01,921097,Geldautomaat,Unavailable,False,2025-01-10 00:13:51
1241002,01,920232,Geldautomaat,Unavailable,False,2025-01-10 00:13:52
1251001,01,921558,Geldautomaat,Unavailable,False,2025-01-10 00:13:53
1251002,01,920965,Geldautomaat,Unavailable,False,2025-01-10 00:13:53
1251002,02,610025,Sealbag-automaat,Unavailable,False,2025-01-10 00:13:53
1261002,01,930214,Geldautomaat,Unavailable,False,2025-01-10 00:13:54
1261003,01,910106,Geldautomaat,Unavailable,False,2025-01-10 00:13:55
1271001,01,921098,Geldautomaat,Unavailable,False,2025-01-10 00:13:56
1271004,01,611106,Sealbag-automaat,Available,False,2025-01-10 00:13:56
1271005,01,811540,Geld storten en opnemen,Unavailable,False,2025-01-10 00:13:57
1273003,01,920931,Geldautomaat,Unavailable,False,2025-01-10 00:13:57
1274001,01,811279,Geld storten en opnemen,Unavailable,True,2025-01-10 00:13:58
1274002,01,930096,Geldautomaat,Unavailable,False,2025-01-10 00:13:59
1274003,01,920264,Geldautomaat,Unavailable,False,2025-01-10 00:13:59
1311001,01,910003,Geldautomaat,Unavailable,False,2025-01-10 00:14:00
1313001,01,921258,Geldautomaat,Unavailable,False,2025-01-10 00:14:01
1315001,01,912147,Geldautomaat,Unavailable,False,2025-01-10 00:14:01
1315002,01,920126,Geldautomaat,Unavailable,False,2025-01-10 00:14:02
1315003,01,914625,Geldautomaat,Unavailable,False,2025-01-10 00:14:02
1315003,02,914626,Geldautomaat,Unavailable,False,2025-01-10 00:14:02
1315004,01,914059,Geldautomaat,Unavailable,False,2025-01-10 00:14:03
1315011,01,811703,Geld storten en opnemen,Unavailable,True,2025-01-10 00:14:04
1315015,01,914842,Geldautomaat,Unavailable,False,2025-01-10 00:14:05
1315015,02,611446,Sealbag-automaat,Unavailable,False,2025-01-10 00:14:05
1315015,03,812847,Geld storten en opnemen,Unavailable,False,2025-01-10 00:14:05
1317001,01,921264,Geldautomaat,Unavailable,False,2025-01-10 00:14:06
1321001,01,920962,Geldautomaat,Unavailable,False,2025-01-10 00:14:07
1323001,01,921248,Geldautomaat,Unavailable,False,2025-01-10 00:14:07
1323002,01,811814,Geld storten en opnemen,Unavailable,True,2025-01-10 00:14:08
1324001,01,921302,Geldautomaat,Unavailable,False,2025-01-10 00:14:08
1325001,01,920411,Geldautomaat,Unavailable,False,2025-01-10 00:14:09
1326001,01,811458,Geld storten en opnemen,Unavailable,True,2025-01-10 00:14:10
1326002,01,920932,Geldautomaat,Unavailable,False,2025-01-10 00:14:10
1326003,01,921071,Geldautomaat,Unavailable,False,2025-01-10 00:14:11
1328001,01,921108,Geldautomaat,Unavailable,False,2025-01-10 00:14:11
1334001,01,610016,Sealbag-automaat,Unavailable,False,2025-01-10 00:14:12
1334001,02,810076,Geld storten en opnemen,Unavailable,True,2025-01-10 00:14:12
1334001,03,810077,Geld storten en opnemen,Unavailable,True,2025-01-10 00:14:12
1334002,01,921803,Geldautomaat,Unavailable,False,2025-01-10 00:14:13
1334003,01,911443,Geldautomaat,Unavailable,False,2025-01-10 00:14:13
1334004,01,920439,Geldautomaat,Unavailable,False,2025-01-10 00:14:14
1334006,01,811477,Geld storten en opnemen,Unavailable,True,2025-01-10 00:14:15
1334007,01,812650,Geld storten en opnemen,Available,True,2025-01-10 00:14:15
1335001,01,921417,Geldautomaat,Unavailable,False,2025-01-10 00:14:16
1349001,01,921421,Geldautomaat,Unavailable,False,2025-01-10 00:14:16
1354001,01,810092,Geld storten en opnemen,Unavailable,True,2025-01-10 00:14:17
1354002,01,920537,Geldautomaat,Unavailable,False,2025-01-10 00:14:17
1355001,01,921429,Geldautomaat,Unavailable,False,2025-01-10 00:14:18
1359001,01,921796,Geldautomaat,Unavailable,False,2025-01-10 00:14:19
1363001,01,930142,Geldautomaat,Unavailable,False,2025-01-10 00:14:19
1363002,01,921430,Geldautomaat,Unavailable,False,2025-01-10 00:14:20
1381001,01,921260,Geldautomaat,Unavailable,False,2025-01-10 00:14:20
1382001,01,921262,Geldautomaat,Unavailable,False,2025-01-10 00:14:21
1382004,01,810646,Geld storten en opnemen,Unavailable,True,2025-01-10 00:14:22
1391001,01,921328,Geldautomaat,Unavailable,False,2025-01-10 00:14:22
1391003,01,811725,Geld storten en opnemen,Available,True,2025-01-10 00:14:23
1394001,01,921337,Geldautomaat,Unavailable,False,2025-01-10 00:14:24
1398001,01,921038,Geldautomaat,Unavailable,False,2025-01-10 00:14:24
1398002,01,921798,Geldautomaat,Unavailable,False,2025-01-10 00:14:25
1403002,01,921559,Geldautomaat,Unavailable,False,2025-01-10 00:14:26
1404001,01,921804,Geldautomaat,Unavailable,False,2025-01-10 00:14:26
1404008,01,811891,Geld storten en opnemen,Unavailable,True,2025-01-10 00:14:28
1404009,01,813066,Geld storten en opnemen,Unavailable,True,2025-01-10 00:14:28
1411001,01,930116,Geldautomaat,Unavailable,False,2025-01-10 00:14:29
1411002,01,910164,Geldautomaat,Unavailable,False,2025-01-10 00:14:30
1421001,01,921600,Geldautomaat,Unavailable,False,2025-01-10 00:14:30
1422001,01,810072,Geld storten en opnemen,Unavailable,True,2025-01-10 00:14:31
1422001,02,611236,Sealbag-automaat,Unavailable,False,2025-01-10 00:14:31
1422002,01,921354,Geldautomaat,Unavailable,False,2025-01-10 00:14:31
1431002,01,921361,Geldautomaat,Unavailable,False,2025-01-10 00:14:32
1431003,01,610048,Sealbag-automaat,Unavailable,False,2025-01-10 00:14:33
1431003,02,813202,Geld storten en opnemen,Unavailable,True,2025-01-10 00:14:33
1432001,01,921601,Geldautomaat,Unavailable,False,2025-01-10 00:14:33
1432003,01,812687,Geld storten en opnemen,Unavailable,True,2025-01-10 00:14:34
1433003,01,921604,Geldautomaat,Unavailable,False,2025-01-10 00:14:34
1435001,01,920001,Geldautomaat,Unavailable,False,2025-01-10 00:14:35
1441001,01,921605,Geldautomaat,Unavailable,False,2025-01-10 00:14:36
1441002,01,910409,Geldautomaat,Unavailable,False,2025-01-10 00:14:36
1441003,01,920061,Geldautomaat,Unavailable,False,2025-01-10 00:14:37
1441010,01,812253,Geld storten en opnemen,Unavailable,True,2025-01-10 00:14:39
1442001,01,921665,Geldautomaat,Unavailable,False,2025-01-10 00:14:39
1442003,01,812142,Geld storten en opnemen,Unavailable,True,2025-01-10 00:14:40
1443001,01,920223,Geldautomaat,Unavailable,False,2025-01-10 00:14:40
1443002,01,910477,Geldautomaat,Unavailable,False,2025-01-10 00:14:41
1443003,01,921672,Geldautomaat,Unavailable,False,2025-01-10 00:14:42
1444002,01,812132,Geld storten en opnemen,Unavailable,True,2025-01-10 00:14:42
1445003,01,813301,Geld storten en opnemen,Unavailable,True,2025-01-10 00:14:43
1447003,01,921615,Geldautomaat,Unavailable,False,2025-01-10 00:14:44
1448002,01,811312,Geld storten en opnemen,Unavailable,True,2025-01-10 00:14:45
1448003,01,921627,Geldautomaat,Unavailable,False,2025-01-10 00:14:45
1448004,01,920432,Geldautomaat,Unavailable,False,2025-01-10 00:14:46
1452001,01,930006,Geldautomaat,Unavailable,False,2025-01-10 00:14:47
1462001,01,910414,Geldautomaat,Unavailable,False,2025-01-10 00:14:47
1474001,01,921037,Geldautomaat,Unavailable,False,2025-01-10 00:14:48
1483001,01,810123,Geld storten en opnemen,Unavailable,True,2025-01-10 00:14:48
1483002,01,911537,Geldautomaat,Unavailable,False,2025-01-10 00:14:49
1483002,02,610061,Sealbag-automaat,Unavailable,False,2025-01-10 00:14:49
1502001,01,921683,Geldautomaat,Unavailable,False,2025-01-10 00:14:49
1503001,01,910314,Geldautomaat,Unavailable,False,2025-01-10 00:14:50
1503003,01,921812,Geldautomaat,Unavailable,False,2025-01-10 00:14:51
1503006,01,812685,Geld storten en opnemen,Unavailable,True,2025-01-10 00:14:51
1506002,01,921687,Geldautomaat,Unavailable,False,2025-01-10 00:14:52
1506003,01,920062,Geldautomaat,Unavailable,False,2025-01-10 00:14:53
1506009,01,811602,Geld storten en opnemen,Unavailable,True,2025-01-10 00:14:54
1506014,01,914879,Geldautomaat,Unavailable,False,2025-01-10 00:14:55
1506014,02,611474,Sealbag-automaat,Unavailable,False,2025-01-10 00:14:55
1506014,03,813018,Geld storten en opnemen,Unavailable,True,2025-01-10 00:14:55
1506015,01,813022,Geld storten en opnemen,Unavailable,True,2025-01-10 00:14:55
1506015,02,813020,Geld storten en opnemen,Unavailable,True,2025-01-10 00:14:55
1506015,03,813023,Geld storten en opnemen,Unavailable,True,2025-01-10 00:14:55
1506015,04,813021,Geld storten en opnemen,Unavailable,True,2025-01-10 00:14:55
1506015,05,813019,Geld storten en opnemen,Unavailable,True,2025-01-10 00:14:55
1507001,01,921813,Geldautomaat,Unavailable,False,2025-01-10 00:14:56
1507002,01,921775,Geldautomaat,Unavailable,False,2025-01-10 00:14:56
1509001,01,910394,Geldautomaat,Unavailable,False,2025-01-10 00:14:57
1509002,01,920406,Geldautomaat,Unavailable,False,2025-01-10 00:14:58
1511001,01,921776,Geldautomaat,Unavailable,False,2025-01-10 00:14:58
1511003,01,812424,Geld storten en opnemen,Unavailable,True,2025-01-10 00:14:59
1521001,01,810018,Geld storten en opnemen,Unavailable,True,2025-01-10 00:14:59
1521002,01,921833,Geldautomaat,Unavailable,False,2025-01-10 00:15:00
1521003,01,813075,Geld storten en opnemen,Unavailable,True,2025-01-10 00:15:01
1531001,01,920958,Geldautomaat,Unavailable,False,2025-01-10 00:15:01
1541001,01,921834,Geldautomaat,Unavailable,False,2025-01-10 00:15:02
1541002,01,811672,Geld storten en opnemen,Unavailable,False,2025-01-10 00:15:03
1541004,01,812789,Geld storten en opnemen,Unavailable,True,2025-01-10 00:15:04
1544001,01,810030,Geld storten en opnemen,Unavailable,True,2025-01-10 00:15:04
1544003,01,921843,Geldautomaat,Unavailable,False,2025-01-10 00:15:05
1561001,01,921844,Geldautomaat,Unavailable,False,2025-01-10 00:15:06
1561004,01,811544,Geld storten en opnemen,Unavailable,True,2025-01-10 00:15:06
1561005,01,812324,Geld storten en opnemen,Unavailable,True,2025-01-10 00:15:07
1566001,01,920540,Geldautomaat,Unavailable,False,2025-01-10 00:15:07
1566001,02,610240,Sealbag-automaat,Unavailable,False,2025-01-10 00:15:07
1566002,01,921853,Geldautomaat,Unavailable,False,2025-01-10 00:15:08
1567001,01,930123,Geldautomaat,Unavailable,False,2025-01-10 00:15:09
1567002,01,811069,Geld storten en opnemen,Unavailable,True,2025-01-10 00:15:09
1567003,01,913043,Geldautomaat,Unavailable,False,2025-01-10 00:15:10
1601002,01,921855,Geldautomaat,Unavailable,False,2025-01-10 00:15:10
1601003,01,920241,Geldautomaat,Unavailable,False,2025-01-10 00:15:11
1601003,02,611312,Sealbag-automaat,Unavailable,False,2025-01-10 00:15:11
1601005,01,811263,Geld storten en opnemen,Unavailable,True,2025-01-10 00:15:11
1602002,01,920240,Geldautomaat,Unavailable,False,2025-01-10 00:15:12
1606001,01,920325,Geldautomaat,Unavailable,False,2025-01-10 00:15:13
1611001,01,920763,Geldautomaat,Unavailable,False,2025-01-10 00:15:13
1611002,01,811087,Geld storten en opnemen,Unavailable,True,2025-01-10 00:15:14
1611004,01,921731,Geldautomaat,Unavailable,False,2025-01-10 00:15:14
1614001,01,920035,Geldautomaat,Unavailable,False,2025-01-10 00:15:15
1616002,01,921786,Geldautomaat,Unavailable,False,2025-01-10 00:15:16
1616003,01,920268,Geldautomaat,Unavailable,False,2025-01-10 00:15:16
1619001,01,811742,Geld storten en opnemen,Unavailable,True,2025-01-10 00:15:17
1621001,01,813140,Geld storten en opnemen,Unavailable,True,2025-01-10 00:15:17
1622001,01,913950,Geldautomaat,Unavailable,False,2025-01-10 00:15:18
1624001,01,921836,Geldautomaat,Unavailable,False,2025-01-10 00:15:18
1624002,01,920068,Geldautomaat,Unavailable,False,2025-01-10 00:15:19
1625001,01,610528,Sealbag-automaat,Unavailable,False,2025-01-10 00:15:20
1625001,02,810682,Geld storten en opnemen,Unavailable,True,2025-01-10 00:15:20
1625002,01,920542,Geldautomaat,Unavailable,False,2025-01-10 00:15:20
1625002,02,811786,Geld storten en opnemen,Unavailable,True,2025-01-10 00:15:20
1625004,01,921840,Geldautomaat,Unavailable,False,2025-01-10 00:15:21
1628002,01,920741,Geldautomaat,Unavailable,False,2025-01-10 00:15:21
1628003,01,811879,Geld storten en opnemen,Unavailable,True,2025-01-10 00:15:22
1628004,01,921865,Geldautomaat,Unavailable,False,2025-01-10 00:15:23
1628005,01,921866,Geldautomaat,Unavailable,False,2025-01-10 00:15:23
1633001,01,921460,Geldautomaat,Unavailable,False,2025-01-10 00:15:24
1636001,01,920153,Geldautomaat,Unavailable,False,2025-01-10 00:15:24
1645001,01,920181,Geldautomaat,Unavailable,False,2025-01-10 00:15:25
1648001,01,610699,Sealbag-automaat,Unavailable,False,2025-01-10 00:15:26
1648001,02,920954,Geldautomaat,Unavailable,False,2025-01-10 00:15:26
1657001,01,920069,Geldautomaat,Unavailable,False,2025-01-10 00:15:26
1671001,01,810193,Geld storten en opnemen,Unavailable,True,2025-01-10 00:15:27
1671001,02,610141,Sealbag-automaat,Unavailable,False,2025-01-10 00:15:27
1671001,03,920764,Geldautomaat,Unavailable,False,2025-01-10 00:15:27
1671002,01,920720,Geldautomaat,Unavailable,False,2025-01-10 00:15:28
1671005,01,812177,Geld storten en opnemen,Unavailable,True,2025-01-10 00:15:28
1687002,01,921873,Geldautomaat,Unavailable,False,2025-01-10 00:15:29
1689001,01,910607,Geldautomaat,Unavailable,False,2025-01-10 00:15:31
1689003,01,921874,Geldautomaat,Unavailable,False,2025-01-10 00:15:31
1689004,01,921881,Geldautomaat,Unavailable,False,2025-01-10 00:15:32
1693001,01,610220,Sealbag-automaat,Unavailable,False,2025-01-10 00:15:32
1693001,02,920986,Geldautomaat,Unavailable,False,2025-01-10 00:15:32
1693002,01,921884,Geldautomaat,Unavailable,False,2025-01-10 00:15:33
1695002,01,812087,Geld storten en opnemen,Unavailable,True,2025-01-10 00:15:34
1701002,01,812981,Geld storten en opnemen,Unavailable,True,2025-01-10 00:15:34
1703001,01,610965,Sealbag-automaat,Unavailable,False,2025-01-10 00:15:35
1703001,02,810497,Geld storten en opnemen,Unavailable,False,2025-01-10 00:15:35
1703001,03,810498,Geld storten en opnemen,Unavailable,True,2025-01-10 00:15:35
1703002,01,921938,Geldautomaat,Unavailable,False,2025-01-10 00:15:35
1703003,01,812668,Geld storten en opnemen,Unavailable,True,2025-01-10 00:15:36
1703003,02,810351,Geld storten en opnemen,Unavailable,True,2025-01-10 00:15:36
1703007,01,811527,Geld storten en opnemen,Unavailable,True,2025-01-10 00:15:36
1703008,01,812604,Geld storten en opnemen,Unavailable,True,2025-01-10 00:15:37
1703009,01,812723,Geld storten en opnemen,Unavailable,True,2025-01-10 00:15:38
1704001,01,910620,Geldautomaat,Unavailable,False,2025-01-10 00:15:38
1704003,01,921942,Geldautomaat,Unavailable,False,2025-01-10 00:15:39
1705001,01,921949,Geldautomaat,Unavailable,False,2025-01-10 00:15:40
1713002,01,921951,Geldautomaat,Unavailable,False,2025-01-10 00:15:40
1715001,01,811363,Geld storten en opnemen,Unavailable,True,2025-01-10 00:15:41
1715004,01,921939,Geldautomaat,Unavailable,False,2025-01-10 00:15:41
1718001,01,920011,Geldautomaat,Unavailable,False,2025-01-10 00:15:42
1721001,01,920303,Geldautomaat,Unavailable,False,2025-01-10 00:15:43
1723002,01,811158,Geld storten en opnemen,Unavailable,True,2025-01-10 00:15:43
1723006,01,921940,Geldautomaat,Unavailable,False,2025-01-10 00:15:44
1723007,01,920999,Geldautomaat,Unavailable,False,2025-01-10 00:15:44
1723007,02,611477,Sealbag-automaat,Unavailable,False,2025-01-10 00:15:44
1733002,01,611486,Sealbag-automaat,Unavailable,False,2025-01-10 00:15:45
1733003,01,813017,Geld storten en opnemen,Unavailable,True,2025-01-10 00:15:46
1735001,01,920013,Geldautomaat,Unavailable,False,2025-01-10 00:15:46
1738001,01,920335,Geldautomaat,Unavailable,False,2025-01-10 00:15:47
1741005,01,812050,Geld storten en opnemen,Unavailable,True,2025-01-10 00:15:47
1741007,01,611199,Sealbag-automaat,Unavailable,False,2025-01-10 00:15:48
1741007,02,812818,Geld storten en opnemen,Unavailable,True,2025-01-10 00:15:48
1741009,01,921941,Geldautomaat,Unavailable,False,2025-01-10 00:15:49
1746001,01,920009,Geldautomaat,Unavailable,False,2025-01-10 00:15:49
1747002,01,912716,Geldautomaat,Unavailable,False,2025-01-10 00:15:50
1747003,01,812398,Geld storten en opnemen,Unavailable,True,2025-01-10 00:15:50
1749001,01,921946,Geldautomaat,Unavailable,False,2025-01-10 00:15:51
1749002,01,610211,Sealbag-automaat,Unavailable,False,2025-01-10 00:15:52
1749002,02,920443,Geldautomaat,Unavailable,False,2025-01-10 00:15:52
1755001,01,920111,Geldautomaat,Unavailable,False,2025-01-10 00:15:52
1756001,01,920010,Geldautomaat,Unavailable,False,2025-01-10 00:15:53
1759001,01,921947,Geldautomaat,Unavailable,False,2025-01-10 00:15:54
1761003,01,921950,Geldautomaat,Unavailable,False,2025-01-10 00:15:55
1761004,01,812381,Geld storten en opnemen,Unavailable,True,2025-01-10 00:15:55
1764001,01,920722,Geldautomaat,Unavailable,False,2025-01-10 00:15:56
1771001,01,810274,Geld storten en opnemen,Unavailable,True,2025-01-10 00:15:57
1771003,01,811377,Geld storten en opnemen,Unavailable,True,2025-01-10 00:15:57
1771004,01,921972,Geldautomaat,Unavailable,False,2025-01-10 00:15:58
1775001,01,920944,Geldautomaat,Unavailable,False,2025-01-10 00:15:58
1777001,01,810002,Geld storten en opnemen,Unavailable,True,2025-01-10 00:15:59
1779001,01,920244,Geldautomaat,Unavailable,False,2025-01-10 00:16:00
1781001,01,811887,Geld storten en opnemen,Unavailable,True,2025-01-10 00:16:00
1781002,01,930204,Geldautomaat,Unavailable,False,2025-01-10 00:16:01
1781004,01,921966,Geldautomaat,Unavailable,False,2025-01-10 00:16:01
1781009,01,811503,Geld storten en opnemen,Unavailable,True,2025-01-10 00:16:02
1784001,01,920410,Geldautomaat,Unavailable,False,2025-01-10 00:16:03
1784002,01,921970,Geldautomaat,Unavailable,False,2025-01-10 00:16:03
1784003,01,812537,Geld storten en opnemen,Unavailable,False,2025-01-10 00:16:04
1785002,01,921931,Geldautomaat,Unavailable,False,2025-01-10 00:16:04
1785004,01,811674,Geld storten en opnemen,Unavailable,True,2025-01-10 00:16:05
1785005,01,812697,Geld storten en opnemen,Unavailable,True,2025-01-10 00:16:06
1787001,01,913927,Geldautomaat,Unavailable,False,2025-01-10 00:16:06
1787002,01,920957,Geldautomaat,Unavailable,False,2025-01-10 00:16:07
1787002,02,610128,Sealbag-automaat,Available,False,2025-01-10 00:16:07
1787003,01,920113,Geldautomaat,Unavailable,False,2025-01-10 00:16:08
1787004,01,812526,Geld storten en opnemen,Unavailable,True,2025-01-10 00:16:08
1787005,01,921934,Geldautomaat,Unavailable,False,2025-01-10 00:16:09
1788001,01,810853,Geld storten en opnemen,Unavailable,True,2025-01-10 00:16:09
1788005,01,914624,Geldautomaat,Unavailable,False,2025-01-10 00:16:10
1791002,01,923009,Geldautomaat,Unavailable,False,2025-01-10 00:16:11
1791004,01,920513,Geldautomaat,Available,False,2025-01-10 00:16:11
1791004,02,610799,Sealbag-automaat,Unavailable,False,2025-01-10 00:16:11
1791005,01,812543,Geld storten en opnemen,Unavailable,True,2025-01-10 00:16:12
1796001,01,920251,Geldautomaat,Available,False,2025-01-10 00:16:13
1796002,01,812217,Geld storten en opnemen,Unavailable,True,2025-01-10 00:16:14
1811005,01,920330,Geldautomaat,Unavailable,False,2025-01-10 00:16:15
1811005,02,611167,Sealbag-automaat,Available,False,2025-01-10 00:16:15
1813002,01,921978,Geldautomaat,Unavailable,False,2025-01-10 00:16:16
1814002,01,921979,Geldautomaat,Unavailable,False,2025-01-10 00:16:17
1816001,01,921963,Geldautomaat,Unavailable,False,2025-01-10 00:16:18
1816002,01,920642,Geldautomaat,Unavailable,False,2025-01-10 00:16:19
1823001,01,921913,Geldautomaat,Unavailable,False,2025-01-10 00:16:19
1823002,01,810421,Geld storten en opnemen,Unavailable,True,2025-01-10 00:16:20
1823002,02,812029,Geld storten en opnemen,Unavailable,True,2025-01-10 00:16:20
1823003,01,921912,Geldautomaat,Unavailable,False,2025-01-10 00:16:20
1824001,01,610267,Sealbag-automaat,Unavailable,False,2025-01-10 00:16:21
1824001,02,911963,Geldautomaat,Unavailable,False,2025-01-10 00:16:21
1825001,01,810684,Geld storten en opnemen,Unavailable,False,2025-01-10 00:16:22
1825001,02,810683,Geld storten en opnemen,Unavailable,True,2025-01-10 00:16:22
1825002,01,921964,Geldautomaat,Unavailable,False,2025-01-10 00:16:22
1825005,01,912583,Geldautomaat,Unavailable,False,2025-01-10 00:16:23
1825006,01,812632,Geld storten en opnemen,Unavailable,True,2025-01-10 00:16:23
1827002,01,920736,Geldautomaat,Unavailable,False,2025-01-10 00:16:25
1829001,01,920988,Geldautomaat,Unavailable,False,2025-01-10 00:16:25
1834002,01,813051,Geld storten en opnemen,Unavailable,True,2025-01-10 00:16:26
1841001,01,910419,Geldautomaat,Unavailable,False,2025-01-10 00:16:27
1841003,01,812977,Geld storten en opnemen,Unavailable,True,2025-01-10 00:16:27
1851001,01,610122,Sealbag-automaat,Unavailable,False,2025-01-10 00:16:28
1851002,01,921973,Geldautomaat,Unavailable,False,2025-01-10 00:16:28
1851003,01,921974,Geldautomaat,Unavailable,False,2025-01-10 00:16:29
1852001,01,923010,Geldautomaat,Unavailable,False,2025-01-10 00:16:30
1861001,01,810441,Geld storten en opnemen,Unavailable,True,2025-01-10 00:16:30
1861001,02,914172,Geldautomaat,Unavailable,False,2025-01-10 00:16:30
1861001,03,610368,Sealbag-automaat,Unavailable,False,2025-01-10 00:16:30
1861002,01,921894,Geldautomaat,Unavailable,False,2025-01-10 00:16:31
1871002,01,811819,Geld storten en opnemen,Unavailable,True,2025-01-10 00:16:32
1901001,01,920762,Geldautomaat,Unavailable,False,2025-01-10 00:16:32
1901005,01,812169,Geld storten en opnemen,Unavailable,True,2025-01-10 00:16:33
1902001,01,921895,Geldautomaat,Unavailable,False,2025-01-10 00:16:33
1902002,01,812892,Geld storten en opnemen,Unavailable,True,2025-01-10 00:16:34
1902002,02,611450,Sealbag-automaat,Unavailable,False,2025-01-10 00:16:34
1902002,03,920287,Geldautomaat,Unavailable,False,2025-01-10 00:16:34
1902004,01,811095,Geld storten en opnemen,Unavailable,True,2025-01-10 00:16:35
1906001,01,921897,Geldautomaat,Unavailable,False,2025-01-10 00:16:35
1906002,01,910765,Geldautomaat,Unavailable,False,2025-01-10 00:16:36
1921001,01,910755,Geldautomaat,Unavailable,False,2025-01-10 00:16:36
1921002,01,921905,Geldautomaat,Unavailable,False,2025-01-10 00:16:37
1931001,01,914791,Geldautomaat,Unavailable,False,2025-01-10 00:16:38
1931002,01,811113,Geld storten en opnemen,Unavailable,True,2025-01-10 00:16:38
1931003,01,912684,Geldautomaat,Unavailable,False,2025-01-10 00:16:39
1934001,01,921906,Geldautomaat,Unavailable,False,2025-01-10 00:16:39
1935001,01,910848,Geldautomaat,Unavailable,False,2025-01-10 00:16:40
1941001,01,921649,Geldautomaat,Unavailable,False,2025-01-10 00:16:41
1941005,01,810448,Geld storten en opnemen,Unavailable,True,2025-01-10 00:16:41
1941006,01,810449,Geld storten en opnemen,Unavailable,True,2025-01-10 00:16:42
1943001,01,910897,Geldautomaat,Unavailable,False,2025-01-10 00:16:43
1945001,01,930128,Geldautomaat,Unavailable,False,2025-01-10 00:16:43
1945002,01,920942,Geldautomaat,Unavailable,False,2025-01-10 00:16:44
1945003,01,812596,Geld storten en opnemen,Unavailable,True,2025-01-10 00:16:44
1948001,01,920420,Geldautomaat,Unavailable,False,2025-01-10 00:16:46
1948003,01,920119,Geldautomaat,Unavailable,False,2025-01-10 00:16:47
1948003,02,920118,Geldautomaat,Unavailable,False,2025-01-10 00:16:47
1948005,01,920445,Geldautomaat,Unavailable,False,2025-01-10 00:16:47
1948005,02,920365,Geldautomaat,Unavailable,False,2025-01-10 00:16:47
1948006,01,920652,Geldautomaat,Unavailable,False,2025-01-10 00:16:48
1948006,02,920646,Geldautomaat,Unavailable,False,2025-01-10 00:16:48
1949001,01,920002,Geldautomaat,Unavailable,False,2025-01-10 00:16:49
1951001,01,920054,Geldautomaat,Unavailable,False,2025-01-10 00:16:49
1961001,01,810496,Geld storten en opnemen,Unavailable,True,2025-01-10 00:16:50
1961001,02,610408,Sealbag-automaat,Unavailable,False,2025-01-10 00:16:50
1961001,03,810495,Geld storten en opnemen,Unavailable,True,2025-01-10 00:16:50
1961002,01,921753,Geldautomaat,Unavailable,False,2025-01-10 00:16:50
1961006,01,812299,Geld storten en opnemen,Unavailable,True,2025-01-10 00:16:52
1962001,01,812797,Geld storten en opnemen,Unavailable,True,2025-01-10 00:16:52
1964001,01,921766,Geldautomaat,Unavailable,False,2025-01-10 00:16:53
1966002,01,910867,Geldautomaat,Unavailable,False,2025-01-10 00:16:53
1966004,01,921762,Geldautomaat,Unavailable,False,2025-01-10 00:16:54
1967001,01,914379,Geldautomaat,Unavailable,False,2025-01-10 00:16:55
1967002,01,812533,Geld storten en opnemen,Unavailable,True,2025-01-10 00:16:55
1971001,01,811137,Geld storten en opnemen,Unavailable,True,2025-01-10 00:16:56
1971001,02,610428,Sealbag-automaat,Unavailable,False,2025-01-10 00:16:56
1971002,01,921763,Geldautomaat,Unavailable,False,2025-01-10 00:16:56
1971003,01,912360,Geldautomaat,Unavailable,False,2025-01-10 00:16:57
1972001,01,920272,Geldautomaat,Unavailable,False,2025-01-10 00:16:58
1972004,01,811541,Geld storten en opnemen,Unavailable,True,2025-01-10 00:16:58
1973001,01,910896,Geldautomaat,Unavailable,False,2025-01-10 00:16:59
1973003,01,812991,Geld storten en opnemen,Unavailable,True,2025-01-10 00:16:59
1974001,01,910919,Geldautomaat,Unavailable,False,2025-01-10 00:17:00
1991001,01,810826,Geld storten en opnemen,Unavailable,True,2025-01-10 00:17:01
1991002,01,811374,Geld storten en opnemen,Unavailable,True,2025-01-10 00:17:01
2011002,01,921173,Geldautomaat,Unavailable,False,2025-01-10 00:17:02
2011003,01,921100,Geldautomaat,Unavailable,False,2025-01-10 00:17:02
2011004,01,911673,Geldautomaat,Unavailable,False,2025-01-10 00:17:03
2011004,02,610119,Sealbag-automaat,Unavailable,False,2025-01-10 00:17:03
2011005,01,921767,Geldautomaat,Unavailable,False,2025-01-10 00:17:04
2011008,01,811877,Geld storten en opnemen,Unavailable,True,2025-01-10 00:17:04
2011010,01,930002,Geldautomaat,Unavailable,False,2025-01-10 00:17:05
2011010,02,812963,Geld storten en opnemen,Unavailable,True,2025-01-10 00:17:05
2011010,03,611462,Sealbag-automaat,Unavailable,False,2025-01-10 00:17:05
2011012,01,812968,Geld storten en opnemen,Unavailable,True,2025-01-10 00:17:06
2011012,02,812967,Geld storten en opnemen,Unavailable,True,2025-01-10 00:17:06
2011012,03,812966,Geld storten en opnemen,Unavailable,False,2025-01-10 00:17:06
2011012,04,812964,Geld storten en opnemen,Unavailable,True,2025-01-10 00:17:06
2011012,05,812965,Geld storten en opnemen,Unavailable,True,2025-01-10 00:17:06
2014001,01,921362,Geldautomaat,Unavailable,False,2025-01-10 00:17:06
2015001,01,921768,Geldautomaat,Unavailable,False,2025-01-10 00:17:07
2019001,01,911672,Geldautomaat,Unavailable,False,2025-01-10 00:17:07
2021001,01,811435,Geld storten en opnemen,Unavailable,True,2025-01-10 00:17:08
2021002,01,920405,Geldautomaat,Unavailable,False,2025-01-10 00:17:09
2022001,01,921981,Geldautomaat,Unavailable,False,2025-01-10 00:17:09
2023001,01,810019,Geld storten en opnemen,Unavailable,True,2025-01-10 00:17:10
2024002,01,813002,Geld storten en opnemen,Unavailable,True,2025-01-10 00:17:11
2025001,01,921910,Geldautomaat,Unavailable,False,2025-01-10 00:17:12
2026001,01,810324,Geld storten en opnemen,Unavailable,True,2025-01-10 00:17:12
2032001,01,914627,Geldautomaat,Unavailable,False,2025-01-10 00:17:13
2032003,01,812240,Geld storten en opnemen,Unavailable,True,2025-01-10 00:17:14
2033006,01,812409,Geld storten en opnemen,Unavailable,True,2025-01-10 00:17:14
2034001,01,921911,Geldautomaat,Unavailable,False,2025-01-10 00:17:15
2035001,01,921007,Geldautomaat,Unavailable,False,2025-01-10 00:17:15
2037002,01,921003,Geldautomaat,Unavailable,False,2025-01-10 00:17:16
2037002,02,810307,Geld storten en opnemen,Unavailable,False,2025-01-10 00:17:16
2037006,01,921916,Geldautomaat,Unavailable,False,2025-01-10 00:17:17
2042002,01,930122,Geldautomaat,Unavailable,False,2025-01-10 00:17:18
2042004,01,810975,Geld storten en opnemen,Unavailable,True,2025-01-10 00:17:18
2042004,02,810976,Geld storten en opnemen,Unavailable,True,2025-01-10 00:17:18
2042004,03,611159,Sealbag-automaat,Unavailable,False,2025-01-10 00:17:18
2042006,01,811213,Geld storten en opnemen,Unavailable,True,2025-01-10 00:17:19
2042007,01,812532,Geld storten en opnemen,Unavailable,True,2025-01-10 00:17:20
2051002,01,921917,Geldautomaat,Unavailable,False,2025-01-10 00:17:20
2051004,01,811808,Geld storten en opnemen,Unavailable,True,2025-01-10 00:17:21
2061002,01,921926,Geldautomaat,Unavailable,False,2025-01-10 00:17:21
2064001,01,921927,Geldautomaat,Unavailable,False,2025-01-10 00:17:22
2071002,01,811904,Geld storten en opnemen,Unavailable,True,2025-01-10 00:17:23
2101001,01,921903,Geldautomaat,Unavailable,False,2025-01-10 00:17:23
2102001,01,920058,Geldautomaat,Unavailable,False,2025-01-10 00:17:24
2106001,01,921904,Geldautomaat,Unavailable,False,2025-01-10 00:17:24
2121001,01,930174,Geldautomaat,Unavailable,False,2025-01-10 00:17:25
2121002,01,920413,Geldautomaat,Unavailable,False,2025-01-10 00:17:26
2132001,01,810515,Geld storten en opnemen,Unavailable,True,2025-01-10 00:17:26
2132001,02,812602,Geld storten en opnemen,Unavailable,True,2025-01-10 00:17:26
2132001,03,610421,Sealbag-automaat,Unavailable,False,2025-01-10 00:17:26
2132002,01,921892,Geldautomaat,Unavailable,False,2025-01-10 00:17:27
2132003,01,912336,Geldautomaat,Unavailable,False,2025-01-10 00:17:27
2132007,01,812037,Geld storten en opnemen,Unavailable,True,2025-01-10 00:17:28
2132007,02,811535,Geld storten en opnemen,Unavailable,True,2025-01-10 00:17:28
2133002,01,920667,Geldautomaat,Unavailable,False,2025-01-10 00:17:29
2134001,01,921684,Geldautomaat,Unavailable,False,2025-01-10 00:17:30
2134003,01,921893,Geldautomaat,Unavailable,False,2025-01-10 00:17:31
2134007,01,812208,Geld storten en opnemen,Unavailable,True,2025-01-10 00:17:31
2135002,01,921244,Geldautomaat,Unavailable,False,2025-01-10 00:17:32
2135003,01,920329,Geldautomaat,Unavailable,False,2025-01-10 00:17:32
2151001,01,920520,Geldautomaat,Unavailable,False,2025-01-10 00:17:33
2151002,01,921203,Geldautomaat,Unavailable,False,2025-01-10 00:17:34
2151003,01,810941,Geld storten en opnemen,Unavailable,True,2025-01-10 00:17:34
2151005,01,811554,Geld storten en opnemen,Unavailable,True,2025-01-10 00:17:35
2153001,01,921015,Geldautomaat,Unavailable,False,2025-01-10 00:17:35
2153001,02,610145,Sealbag-automaat,Unavailable,False,2025-01-10 00:17:35
2161001,01,921406,Geldautomaat,Unavailable,False,2025-01-10 00:17:36
2161002,01,610439,Sealbag-automaat,Unavailable,False,2025-01-10 00:17:37
2161002,02,920339,Geldautomaat,Unavailable,False,2025-01-10 00:17:37
2161004,01,811340,Geld storten en opnemen,Unavailable,True,2025-01-10 00:17:37
2171002,01,930110,Geldautomaat,Unavailable,False,2025-01-10 00:17:38
2171003,01,922014,Geldautomaat,Unavailable,False,2025-01-10 00:17:38
2181001,01,921213,Geldautomaat,Unavailable,False,2025-01-10 00:17:39
2181005,01,811532,Geld storten en opnemen,Unavailable,True,2025-01-10 00:17:40
2181006,01,813015,Geld storten en opnemen,Unavailable,True,2025-01-10 00:17:40
2182001,01,920668,Geldautomaat,Unavailable,False,2025-01-10 00:17:41
2201002,01,921079,Geldautomaat,Unavailable,False,2025-01-10 00:17:41
2201007,01,811037,Geld storten en opnemen,Unavailable,True,2025-01-10 00:17:42
2202002,01,810584,Geld storten en opnemen,Unavailable,True,2025-01-10 00:17:43
2203001,01,910892,Geldautomaat,Unavailable,False,2025-01-10 00:17:43
2203001,02,611478,Sealbag-automaat,Unavailable,False,2025-01-10 00:17:43
2211001,01,921111,Geldautomaat,Unavailable,False,2025-01-10 00:17:44
2211002,01,911729,Geldautomaat,Unavailable,False,2025-01-10 00:17:44
2211002,02,810201,Geld storten en opnemen,Unavailable,True,2025-01-10 00:17:44
2211004,01,812527,Geld storten en opnemen,Unavailable,True,2025-01-10 00:17:45
2215001,01,811203,Geld storten en opnemen,Unavailable,True,2025-01-10 00:17:46
2215002,01,921057,Geldautomaat,Unavailable,False,2025-01-10 00:17:46
2215003,01,910894,Geldautomaat,Unavailable,False,2025-01-10 00:17:47
2221001,01,921261,Geldautomaat,Unavailable,False,2025-01-10 00:17:47
2221002,01,910875,Geldautomaat,Unavailable,False,2025-01-10 00:17:48
2222001,01,921121,Geldautomaat,Unavailable,False,2025-01-10 00:17:48
2223001,01,910876,Geldautomaat,Unavailable,False,2025-01-10 00:17:49
2223001,02,611372,Sealbag-automaat,Unavailable,False,2025-01-10 00:17:49
2224001,01,910023,Geldautomaat,Unavailable,False,2025-01-10 00:17:50
2224002,01,914725,Geldautomaat,Unavailable,False,2025-01-10 00:17:50
2225001,01,810085,Geld storten en opnemen,Unavailable,True,2025-01-10 00:17:51
2225001,02,610024,Sealbag-automaat,Unavailable,False,2025-01-10 00:17:51
2225004,01,810747,Geld storten en opnemen,Unavailable,True,2025-01-10 00:17:52
2225005,01,812024,Geld storten en opnemen,Unavailable,True,2025-01-10 00:17:52
2231001,01,921269,Geldautomaat,Unavailable,False,2025-01-10 00:17:53
2231003,01,610589,Sealbag-automaat,Unavailable,False,2025-01-10 00:17:53
2231003,02,930009,Geldautomaat,Unavailable,False,2025-01-10 00:17:53
2231004,01,811170,Geld storten en opnemen,Unavailable,True,2025-01-10 00:17:54
2231005,01,812530,Geld storten en opnemen,Unavailable,True,2025-01-10 00:17:54
2235001,01,920138,Geldautomaat,Unavailable,False,2025-01-10 00:17:55
2241001,01,930090,Geldautomaat,Unavailable,False,2025-01-10 00:17:56
2241002,01,812696,Geld storten en opnemen,Unavailable,True,2025-01-10 00:17:56
2241002,02,611204,Sealbag-automaat,Unavailable,False,2025-01-10 00:17:56
2242002,01,611119,Sealbag-automaat,Unavailable,False,2025-01-10 00:17:57
2242002,02,812845,Geld storten en opnemen,Unavailable,True,2025-01-10 00:17:57
2242002,03,812982,Geld storten en opnemen,Unavailable,True,2025-01-10 00:17:57
2251001,01,921492,Geldautomaat,Unavailable,False,2025-01-10 00:17:57
2251005,01,811594,Geld storten en opnemen,Unavailable,True,2025-01-10 00:17:58
2251005,02,813034,Geld storten en opnemen,Unavailable,True,2025-01-10 00:17:58
2252001,01,611517,Sealbag-automaat,Unavailable,False,2025-01-10 00:17:59
2252001,02,810266,Geld storten en opnemen,Unavailable,True,2025-01-10 00:17:59
2253001,01,911929,Geldautomaat,Unavailable,False,2025-01-10 00:17:59
2253001,02,610257,Sealbag-automaat,Unavailable,False,2025-01-10 00:17:59
2262001,01,810548,Geld storten en opnemen,Unavailable,True,2025-01-10 00:18:00
2262001,02,610441,Sealbag-automaat,Unavailable,False,2025-01-10 00:18:00
2262002,01,921178,Geldautomaat,Unavailable,False,2025-01-10 00:18:00
2263002,01,920802,Geldautomaat,Unavailable,False,2025-01-10 00:18:01
2263003,01,812866,Geld storten en opnemen,Unavailable,True,2025-01-10 00:18:02
2265001,01,811225,Geld storten en opnemen,Unavailable,True,2025-01-10 00:18:02
2265001,02,812019,Geld storten en opnemen,Unavailable,True,2025-01-10 00:18:02
2266001,01,920137,Geldautomaat,Unavailable,False,2025-01-10 00:18:03
2271001,01,914113,Geldautomaat,Unavailable,False,2025-01-10 00:18:03
2271002,01,921144,Geldautomaat,Unavailable,False,2025-01-10 00:18:04
2271003,01,610934,Sealbag-automaat,Available,False,2025-01-10 00:18:05
2271003,02,920952,Geldautomaat,Unavailable,False,2025-01-10 00:18:05
2273001,01,912580,Geldautomaat,Available,False,2025-01-10 00:18:05
2273002,01,921288,Geldautomaat,Unavailable,False,2025-01-10 00:18:06
2274001,01,920808,Geldautomaat,Unavailable,False,2025-01-10 00:18:06
2274002,01,810706,Geld storten en opnemen,Unavailable,True,2025-01-10 00:18:07
2282001,01,920455,Geldautomaat,Unavailable,False,2025-01-10 00:18:08
2282009,01,920905,Geldautomaat,Unavailable,False,2025-01-10 00:18:09
2283001,01,811901,Geld storten en opnemen,Unavailable,False,2025-01-10 00:18:09
2284001,01,810230,Geld storten en opnemen,Unavailable,True,2025-01-10 00:18:10
2284001,02,810225,Geld storten en opnemen,Unavailable,True,2025-01-10 00:18:10
2284002,01,921319,Geldautomaat,Unavailable,False,2025-01-10 00:18:11
2284003,01,610176,Sealbag-automaat,Unavailable,False,2025-01-10 00:18:11
2284003,02,911762,Geldautomaat,Unavailable,False,2025-01-10 00:18:11
2286001,01,910978,Geldautomaat,Unavailable,False,2025-01-10 00:18:13
2288004,01,813109,Geld storten en opnemen,Unavailable,True,2025-01-10 00:18:13
2291001,01,610501,Sealbag-automaat,Unavailable,False,2025-01-10 00:18:14
2291001,02,810633,Geld storten en opnemen,Unavailable,True,2025-01-10 00:18:14
2291002,01,921226,Geldautomaat,Unavailable,False,2025-01-10 00:18:14
2291005,01,810643,Geld storten en opnemen,Unavailable,True,2025-01-10 00:18:15
2311001,01,810012,Geld storten en opnemen,Unavailable,True,2025-01-10 00:18:15
2311001,02,810013,Geld storten en opnemen,Unavailable,True,2025-01-10 00:18:15
2311003,01,920460,Geldautomaat,Unavailable,False,2025-01-10 00:18:17
2312002,01,921186,Geldautomaat,Unavailable,False,2025-01-10 00:18:17
2312003,01,911383,Geldautomaat,Unavailable,False,2025-01-10 00:18:18
2312008,01,811848,Geld storten en opnemen,Unavailable,True,2025-01-10 00:18:19
2312008,02,812477,Geld storten en opnemen,Unavailable,True,2025-01-10 00:18:19
2312008,03,611043,Sealbag-automaat,Unavailable,False,2025-01-10 00:18:19
2312014,01,611460,Sealbag-automaat,Available,False,2025-01-10 00:18:21
2312014,02,914866,Geldautomaat,Unavailable,False,2025-01-10 00:18:21
2312014,03,812951,Geld storten en opnemen,Unavailable,True,2025-01-10 00:18:21
2312016,01,812954,Geld storten en opnemen,Unavailable,True,2025-01-10 00:18:21
2312016,02,812952,Geld storten en opnemen,Unavailable,True,2025-01-10 00:18:21
2312016,03,812956,Geld storten en opnemen,Unavailable,True,2025-01-10 00:18:21
2312016,04,812953,Geld storten en opnemen,Unavailable,True,2025-01-10 00:18:21
2312016,05,812955,Geld storten en opnemen,Unavailable,False,2025-01-10 00:18:21
2313002,01,811890,Geld storten en opnemen,Unavailable,True,2025-01-10 00:18:22
2314001,01,813112,Geld storten en opnemen,Unavailable,True,2025-01-10 00:18:23
2315002,01,812674,Geld storten en opnemen,Unavailable,True,2025-01-10 00:18:23
2316001,01,921370,Geldautomaat,Unavailable,False,2025-01-10 00:18:24
2317001,01,811262,Geld storten en opnemen,Unavailable,True,2025-01-10 00:18:25
2317002,01,921371,Geldautomaat,Unavailable,False,2025-01-10 00:18:25
2321001,01,913955,Geldautomaat,Unavailable,False,2025-01-10 00:18:26
2321002,01,610273,Sealbag-automaat,Unavailable,False,2025-01-10 00:18:26
2321002,02,920229,Geldautomaat,Unavailable,False,2025-01-10 00:18:26
2321003,01,921238,Geldautomaat,Unavailable,False,2025-01-10 00:18:27
2321005,01,811451,Geld storten en opnemen,Unavailable,True,2025-01-10 00:18:28
2331001,01,811302,Geld storten en opnemen,Unavailable,True,2025-01-10 00:18:28
2331002,01,921150,Geldautomaat,Unavailable,False,2025-01-10 00:18:29
2332001,01,913948,Geldautomaat,Unavailable,False,2025-01-10 00:18:29
2332002,01,812534,Geld storten en opnemen,Unavailable,True,2025-01-10 00:18:30
2341001,01,921075,Geldautomaat,Unavailable,False,2025-01-10 00:18:31
2341002,01,810927,Geld storten en opnemen,Unavailable,True,2025-01-10 00:18:31
2341002,02,610791,Sealbag-automaat,Unavailable,False,2025-01-10 00:18:31
2341004,01,810716,Geld storten en opnemen,Unavailable,True,2025-01-10 00:18:32
2343001,01,921146,Geldautomaat,Unavailable,False,2025-01-10 00:18:32
2352001,01,921754,Geldautomaat,Unavailable,False,2025-01-10 00:18:33
2353001,01,921063,Geldautomaat,Unavailable,False,2025-01-10 00:18:34
2353005,01,610994,Sealbag-automaat,Unavailable,False,2025-01-10 00:18:34
2353009,01,914604,Geldautomaat,Unavailable,False,2025-01-10 00:18:35
2353009,02,812394,Geld storten en opnemen,Unavailable,True,2025-01-10 00:18:35
2353010,01,812655,Geld storten en opnemen,Unavailable,True,2025-01-10 00:18:35
2353010,02,812609,Geld storten en opnemen,Unavailable,True,2025-01-10 00:18:35
2355001,01,920025,Geldautomaat,Unavailable,False,2025-01-10 00:18:36
2361001,01,921064,Geldautomaat,Unavailable,False,2025-01-10 00:18:37
2371001,01,810232,Geld storten en opnemen,Unavailable,True,2025-01-10 00:18:37
2371001,02,610169,Sealbag-automaat,Unavailable,False,2025-01-10 00:18:37
2375001,01,920444,Geldautomaat,Unavailable,False,2025-01-10 00:18:38
2377001,01,920767,Geldautomaat,Unavailable,False,2025-01-10 00:18:38
2381001,01,610228,Sealbag-automaat,Unavailable,False,2025-01-10 00:18:39
2381001,02,920960,Geldautomaat,Unavailable,False,2025-01-10 00:18:39
2382001,01,920026,Geldautomaat,Unavailable,False,2025-01-10 00:18:40
2391001,01,921755,Geldautomaat,Unavailable,False,2025-01-10 00:18:40
2394001,01,811523,Geld storten en opnemen,Unavailable,True,2025-01-10 00:18:41
2402001,01,811767,Geld storten en opnemen,Unavailable,True,2025-01-10 00:18:42
2402002,01,921112,Geldautomaat,Unavailable,False,2025-01-10 00:18:42
2402004,01,921395,Geldautomaat,Unavailable,False,2025-01-10 00:18:43
2402008,01,812539,Geld storten en opnemen,Unavailable,True,2025-01-10 00:18:43
2402010,01,812588,Geld storten en opnemen,Unavailable,True,2025-01-10 00:18:44
2404001,01,920122,Geldautomaat,Unavailable,False,2025-01-10 00:18:44
2406001,01,921156,Geldautomaat,Unavailable,False,2025-01-10 00:18:45
2406003,01,810429,Geld storten en opnemen,Unavailable,True,2025-01-10 00:18:46
2406007,01,611365,Sealbag-automaat,Unavailable,False,2025-01-10 00:18:46
2406007,02,914691,Geldautomaat,Unavailable,False,2025-01-10 00:18:46
2408002,01,920630,Geldautomaat,Unavailable,False,2025-01-10 00:18:47
2411001,01,810768,Geld storten en opnemen,Unavailable,True,2025-01-10 00:18:47
2411002,01,811085,Geld storten en opnemen,Unavailable,True,2025-01-10 00:18:48
2411003,01,921745,Geldautomaat,Unavailable,False,2025-01-10 00:18:49
2411004,01,912671,Geldautomaat,Unavailable,False,2025-01-10 00:18:49
2411004,02,610572,Sealbag-automaat,Unavailable,False,2025-01-10 00:18:49
2411005,01,812077,Geld storten en opnemen,Unavailable,True,2025-01-10 00:18:50
2421001,01,610147,Sealbag-automaat,Unavailable,False,2025-01-10 00:18:50
2421002,01,921867,Geldautomaat,Unavailable,False,2025-01-10 00:18:51
2421003,01,811259,Geld storten en opnemen,Unavailable,True,2025-01-10 00:18:52
2431001,01,920818,Geldautomaat,Unavailable,False,2025-01-10 00:18:52
2435001,01,920457,Geldautomaat,Unavailable,False,2025-01-10 00:18:53
2441001,01,611029,Sealbag-automaat,Unavailable,False,2025-01-10 00:18:54
2441001,02,920963,Geldautomaat,Unavailable,False,2025-01-10 00:18:54
2451001,01,810029,Geld storten en opnemen,Unavailable,True,2025-01-10 00:18:54
2451002,01,813198,Geld storten en opnemen,Unavailable,True,2025-01-10 00:18:55
2461002,01,920813,Geldautomaat,Unavailable,False,2025-01-10 00:18:56
2461002,02,610195,Sealbag-automaat,Unavailable,False,2025-01-10 00:18:56
2481001,01,911050,Geldautomaat,Unavailable,False,2025-01-10 00:18:56
2492001,01,811303,Geld storten en opnemen,Unavailable,True,2025-01-10 00:18:57
2492002,01,921201,Geldautomaat,Unavailable,False,2025-01-10 00:18:58
2496001,01,920277,Geldautomaat,Unavailable,False,2025-01-10 00:18:58
2511002,01,921409,Geldautomaat,Unavailable,False,2025-01-10 00:18:59
2511003,01,913947,Geldautomaat,Unavailable,False,2025-01-10 00:19:00
2511005,01,812213,Geld storten en opnemen,Unavailable,True,2025-01-10 00:19:01
2511006,01,810299,Geld storten en opnemen,Unavailable,True,2025-01-10 00:19:01
2511007,01,921415,Geldautomaat,Unavailable,False,2025-01-10 00:19:02
2511008,01,920459,Geldautomaat,Unavailable,False,2025-01-10 00:19:03
2511013,01,812992,Geld storten en opnemen,Unavailable,True,2025-01-10 00:19:04
2512001,01,913867,Geldautomaat,Unavailable,False,2025-01-10 00:19:05
2512001,02,913866,Geldautomaat,Unavailable,False,2025-01-10 00:19:05
2512002,01,810291,Geld storten en opnemen,Available,True,2025-01-10 00:19:06
2512002,02,610243,Sealbag-automaat,Available,False,2025-01-10 00:19:06
2512002,03,811832,Geld storten en opnemen,Unavailable,True,2025-01-10 00:19:06
2512002,04,914205,Geldautomaat,Unavailable,False,2025-01-10 00:19:06
2512002,05,810290,Geld storten en opnemen,Unavailable,True,2025-01-10 00:19:06
2512003,01,911895,Geldautomaat,Unavailable,False,2025-01-10 00:19:06
2512003,02,911894,Geldautomaat,Unavailable,False,2025-01-10 00:19:06
2513001,01,911398,Geldautomaat,Available,False,2025-01-10 00:19:07
2513001,02,911397,Geldautomaat,Available,False,2025-01-10 00:19:07
2513002,01,921479,Geldautomaat,Unavailable,False,2025-01-10 00:19:07
2513003,01,811824,Geld storten en opnemen,Unavailable,True,2025-01-10 00:19:08
2513004,01,921103,Geldautomaat,Unavailable,False,2025-01-10 00:19:08
2515001,01,911897,Geldautomaat,Unavailable,False,2025-01-10 00:19:09
2515002,01,921522,Geldautomaat,Unavailable,False,2025-01-10 00:19:10
2515004,01,812138,Geld storten en opnemen,Unavailable,True,2025-01-10 00:19:10
2515005,01,921118,Geldautomaat,Unavailable,False,2025-01-10 00:19:11
2517002,01,921311,Geldautomaat,Unavailable,False,2025-01-10 00:19:12
2517004,01,811291,Geld storten en opnemen,Unavailable,True,2025-01-10 00:19:13
2521001,01,920250,Geldautomaat,Unavailable,False,2025-01-10 00:19:13
2521002,01,920472,Geldautomaat,Unavailable,False,2025-01-10 00:19:14
2522001,01,921332,Geldautomaat,Unavailable,False,2025-01-10 00:19:15
2522003,01,811281,Geld storten en opnemen,Unavailable,True,2025-01-10 00:19:15
2523001,01,920132,Geldautomaat,Unavailable,False,2025-01-10 00:19:16
2523002,01,921655,Geldautomaat,Unavailable,False,2025-01-10 00:19:16
2523003,01,811833,Geld storten en opnemen,Unavailable,True,2025-01-10 00:19:17
2523004,01,914659,Geldautomaat,Unavailable,False,2025-01-10 00:19:17
2523006,01,811908,Geld storten en opnemen,Unavailable,False,2025-01-10 00:19:18
2523007,01,813113,Geld storten en opnemen,Unavailable,True,2025-01-10 00:19:19
2526001,01,610268,Sealbag-automaat,Unavailable,False,2025-01-10 00:19:19
2526001,02,920477,Geldautomaat,Unavailable,False,2025-01-10 00:19:19
2526001,03,811821,Geld storten en opnemen,Unavailable,False,2025-01-10 00:19:19
2526001,04,811822,Geld storten en opnemen,Unavailable,True,2025-01-10 00:19:19
2526001,05,810313,Geld storten en opnemen,Available,True,2025-01-10 00:19:19
2526003,01,920607,Geldautomaat,Unavailable,False,2025-01-10 00:19:21
2526003,02,810319,Geld storten en opnemen,Available,True,2025-01-10 00:19:21
2526003,03,811249,Geld storten en opnemen,Unavailable,True,2025-01-10 00:19:21
2526004,01,910829,Geldautomaat,Unavailable,False,2025-01-10 00:19:21
2533001,01,920616,Geldautomaat,Unavailable,False,2025-01-10 00:19:22
2533002,01,930156,Geldautomaat,Unavailable,False,2025-01-10 00:19:22
2542001,01,921359,Geldautomaat,Unavailable,False,2025-01-10 00:19:23
2542002,01,920536,Geldautomaat,Unavailable,False,2025-01-10 00:19:24
2543001,01,921388,Geldautomaat,Unavailable,False,2025-01-10 00:19:24
2543002,01,920651,Geldautomaat,Unavailable,False,2025-01-10 00:19:25
2543004,01,812403,Geld storten en opnemen,Unavailable,True,2025-01-10 00:19:25
2543004,02,920984,Geldautomaat,Unavailable,False,2025-01-10 00:19:25
2545001,01,812719,Geld storten en opnemen,Unavailable,True,2025-01-10 00:19:26
2545001,02,810120,Geld storten en opnemen,Unavailable,True,2025-01-10 00:19:26
2545002,01,810121,Geld storten en opnemen,Unavailable,False,2025-01-10 00:19:27
2545002,02,920615,Geldautomaat,Unavailable,False,2025-01-10 00:19:27
2547002,01,920591,Geldautomaat,Unavailable,False,2025-01-10 00:19:28
2547003,01,921472,Geldautomaat,Unavailable,False,2025-01-10 00:19:28
2548001,01,811735,Geld storten en opnemen,Unavailable,True,2025-01-10 00:19:29
2548002,01,921171,Geldautomaat,Unavailable,False,2025-01-10 00:19:30
2548003,01,921124,Geldautomaat,Unavailable,False,2025-01-10 00:19:30
2548004,01,913270,Geldautomaat,Unavailable,False,2025-01-10 00:19:31
2551001,01,812548,Geld storten en opnemen,Unavailable,True,2025-01-10 00:19:31
2551002,01,921013,Geldautomaat,Unavailable,False,2025-01-10 00:19:32
2551003,01,812504,Geld storten en opnemen,Unavailable,True,2025-01-10 00:19:32
2552001,01,914134,Geldautomaat,Unavailable,False,2025-01-10 00:19:33
2552002,01,921536,Geldautomaat,Unavailable,False,2025-01-10 00:19:34
2552004,01,811268,Geld storten en opnemen,Unavailable,True,2025-01-10 00:19:34
2553001,01,930088,Geldautomaat,Unavailable,False,2025-01-10 00:19:35
2553002,01,913271,Geldautomaat,Unavailable,False,2025-01-10 00:19:35
2554002,01,914868,Geldautomaat,Unavailable,False,2025-01-10 00:19:36
2561001,01,921473,Geldautomaat,Unavailable,False,2025-01-10 00:19:37
2562001,01,920619,Geldautomaat,Unavailable,False,2025-01-10 00:19:37
2562001,02,811834,Geld storten en opnemen,Unavailable,True,2025-01-10 00:19:37
2562002,01,921270,Geldautomaat,Unavailable,False,2025-01-10 00:19:38
2563001,01,920624,Geldautomaat,Unavailable,False,2025-01-10 00:19:39
2563001,02,610247,Sealbag-automaat,Unavailable,False,2025-01-10 00:19:39
2563002,01,921537,Geldautomaat,Unavailable,False,2025-01-10 00:19:39
2564002,01,811611,Geld storten en opnemen,Unavailable,True,2025-01-10 00:19:40
2565001,01,812193,Geld storten en opnemen,Unavailable,True,2025-01-10 00:19:40
2566002,01,921594,Geldautomaat,Unavailable,False,2025-01-10 00:19:41
2566003,01,812419,Geld storten en opnemen,Unavailable,False,2025-01-10 00:19:42
2566003,02,611353,Sealbag-automaat,Unavailable,False,2025-01-10 00:19:42
2571001,01,930105,Geldautomaat,Unavailable,False,2025-01-10 00:19:42
2572001,01,910622,Geldautomaat,Unavailable,False,2025-01-10 00:19:43
2573001,01,921273,Geldautomaat,Unavailable,False,2025-01-10 00:19:44
2573006,01,812074,Geld storten en opnemen,Unavailable,True,2025-01-10 00:19:44
2573006,02,812173,Geld storten en opnemen,Unavailable,True,2025-01-10 00:19:44
2582001,01,921456,Geldautomaat,Unavailable,False,2025-01-10 00:19:45
2582002,01,912573,Geldautomaat,Unavailable,False,2025-01-10 00:19:45
2582005,01,921682,Geldautomaat,Unavailable,False,2025-01-10 00:19:46
2582006,01,811443,Geld storten en opnemen,Unavailable,True,2025-01-10 00:19:47
2582007,01,611403,Sealbag-automaat,Unavailable,False,2025-01-10 00:19:47
2582007,02,812648,Geld storten en opnemen,Unavailable,True,2025-01-10 00:19:47
2584001,01,921459,Geldautomaat,Unavailable,False,2025-01-10 00:19:48
2585001,01,810042,Geld storten en opnemen,Unavailable,True,2025-01-10 00:19:48
2585002,01,921685,Geldautomaat,Unavailable,False,2025-01-10 00:19:49
2586001,01,913853,Geldautomaat,Unavailable,False,2025-01-10 00:19:50
2586002,01,913854,Geldautomaat,Unavailable,False,2025-01-10 00:19:50
2587001,01,913931,Geldautomaat,Unavailable,False,2025-01-10 00:19:51
2587002,01,921545,Geldautomaat,Unavailable,False,2025-01-10 00:19:51
2587004,01,811663,Geld storten en opnemen,Unavailable,True,2025-01-10 00:19:52
2592001,01,810069,Geld storten en opnemen,Unavailable,True,2025-01-10 00:19:53
2592001,02,920604,Geldautomaat,Unavailable,False,2025-01-10 00:19:53
2592002,01,921546,Geldautomaat,Unavailable,False,2025-01-10 00:19:53
2593001,01,920608,Geldautomaat,Unavailable,False,2025-01-10 00:19:54
2593001,02,812669,Geld storten en opnemen,Unavailable,True,2025-01-10 00:19:54
2593002,01,921733,Geldautomaat,Unavailable,False,2025-01-10 00:19:54
2593003,01,911540,Geldautomaat,Unavailable,False,2025-01-10 00:19:55
2593005,01,812701,Geld storten en opnemen,Unavailable,True,2025-01-10 00:19:56
2595001,01,810088,Geld storten en opnemen,Unavailable,True,2025-01-10 00:19:56
2595001,02,810087,Geld storten en opnemen,Unavailable,True,2025-01-10 00:19:56
2595002,01,921555,Geldautomaat,Unavailable,False,2025-01-10 00:19:57
2596001,01,810078,Geld storten en opnemen,Unavailable,True,2025-01-10 00:19:57
2596002,01,810047,Geld storten en opnemen,Unavailable,True,2025-01-10 00:19:58
2596002,02,810048,Geld storten en opnemen,Unavailable,True,2025-01-10 00:19:58
2596003,01,921566,Geldautomaat,Unavailable,False,2025-01-10 00:19:59
2597001,01,812214,Geld storten en opnemen,Unavailable,True,2025-01-10 00:19:59
2597002,01,810067,Geld storten en opnemen,Unavailable,True,2025-01-10 00:20:00
2597003,01,921512,Geldautomaat,Unavailable,False,2025-01-10 00:20:01
2611001,01,914696,Geldautomaat,Unavailable,False,2025-01-10 00:20:01
2611001,02,811802,Geld storten en opnemen,Unavailable,True,2025-01-10 00:20:01
2611002,01,921662,Geldautomaat,Unavailable,False,2025-01-10 00:20:02
2611003,01,921669,Geldautomaat,Unavailable,False,2025-01-10 00:20:02
2611007,01,921422,Geldautomaat,Unavailable,False,2025-01-10 00:20:03
2613001,01,921504,Geldautomaat,Unavailable,False,2025-01-10 00:20:04
2614001,01,920133,Geldautomaat,Unavailable,False,2025-01-10 00:20:05
2622001,01,812554,Geld storten en opnemen,Unavailable,True,2025-01-10 00:20:05
2623001,01,921028,Geldautomaat,Unavailable,False,2025-01-10 00:20:06
2623003,01,812803,Geld storten en opnemen,Unavailable,True,2025-01-10 00:20:07
2624001,01,610269,Sealbag-automaat,Unavailable,False,2025-01-10 00:20:07
2624001,02,914136,Geldautomaat,Unavailable,False,2025-01-10 00:20:07
2624001,03,811770,Geld storten en opnemen,Unavailable,True,2025-01-10 00:20:07
2624002,01,921424,Geldautomaat,Unavailable,False,2025-01-10 00:20:08
2624003,01,911944,Geldautomaat,Unavailable,False,2025-01-10 00:20:08
2625001,01,811056,Geld storten en opnemen,Unavailable,True,2025-01-10 00:20:09
2625003,01,920226,Geldautomaat,Unavailable,False,2025-01-10 00:20:10
2628001,01,913916,Geldautomaat,Unavailable,False,2025-01-10 00:20:10
2628002,01,910628,Geldautomaat,Unavailable,False,2025-01-10 00:20:11
2631001,01,912407,Geldautomaat,Unavailable,False,2025-01-10 00:20:11
2631001,02,610449,Sealbag-automaat,Unavailable,False,2025-01-10 00:20:11
2632001,01,921783,Geldautomaat,Unavailable,False,2025-01-10 00:20:12
2632003,01,811421,Geld storten en opnemen,Unavailable,True,2025-01-10 00:20:13
2635001,01,910591,Geldautomaat,Unavailable,False,2025-01-10 00:20:13
2635001,02,910592,Geldautomaat,Unavailable,False,2025-01-10 00:20:13
2636001,01,921784,Geldautomaat,Unavailable,False,2025-01-10 00:20:14
2641001,01,810582,Geld storten en opnemen,Unavailable,True,2025-01-10 00:20:15
2641001,02,610724,Sealbag-automaat,Unavailable,False,2025-01-10 00:20:15
2641002,01,921505,Geldautomaat,Unavailable,False,2025-01-10 00:20:15
2641005,01,811422,Geld storten en opnemen,Unavailable,True,2025-01-10 00:20:16
2641006,01,811913,Geld storten en opnemen,Unavailable,True,2025-01-10 00:20:16
2643001,01,921513,Geldautomaat,Unavailable,False,2025-01-10 00:20:17
2643002,01,812590,Geld storten en opnemen,Unavailable,True,2025-01-10 00:20:18
2645001,01,921595,Geldautomaat,Unavailable,False,2025-01-10 00:20:18
2651001,01,921814,Geldautomaat,Unavailable,False,2025-01-10 00:20:19
2651002,01,921431,Geldautomaat,Unavailable,False,2025-01-10 00:20:19
2651003,01,920768,Geldautomaat,Unavailable,False,2025-01-10 00:20:20
2651003,02,610314,Sealbag-automaat,Unavailable,False,2025-01-10 00:20:20
2661001,01,610078,Sealbag-automaat,Unavailable,False,2025-01-10 00:20:21
2661001,02,810140,Geld storten en opnemen,Unavailable,True,2025-01-10 00:20:21
2661003,01,911579,Geldautomaat,Unavailable,False,2025-01-10 00:20:21
2665001,01,921795,Geldautomaat,Unavailable,False,2025-01-10 00:20:22
2665002,01,920108,Geldautomaat,Unavailable,False,2025-01-10 00:20:23
2671001,01,921514,Geldautomaat,Unavailable,False,2025-01-10 00:20:23
2671005,01,920305,Geldautomaat,Unavailable,False,2025-01-10 00:20:24
2671005,02,611013,Sealbag-automaat,Unavailable,False,2025-01-10 00:20:24
2671005,03,811986,Geld storten en opnemen,Unavailable,True,2025-01-10 00:20:24
2671006,01,810564,Geld storten en opnemen,Unavailable,True,2025-01-10 00:20:25
2675001,01,921790,Geldautomaat,Unavailable,False,2025-01-10 00:20:25
2675002,01,920482,Geldautomaat,Unavailable,False,2025-01-10 00:20:26
2676001,01,920528,Geldautomaat,Unavailable,False,2025-01-10 00:20:26
2676001,02,610139,Sealbag-automaat,Unavailable,False,2025-01-10 00:20:26
2678001,01,921791,Geldautomaat,Unavailable,False,2025-01-10 00:20:27
2678002,01,912087,Geldautomaat,Unavailable,False,2025-01-10 00:20:28
2678002,02,811000,Geld storten en opnemen,Unavailable,True,2025-01-10 00:20:28
2678002,03,610315,Sealbag-automaat,Unavailable,False,2025-01-10 00:20:28
2681001,01,920332,Geldautomaat,Unavailable,False,2025-01-10 00:20:28
2681002,01,811839,Geld storten en opnemen,Unavailable,True,2025-01-10 00:20:29
2691001,01,921797,Geldautomaat,Unavailable,False,2025-01-10 00:20:30
2691002,01,811172,Geld storten en opnemen,Unavailable,True,2025-01-10 00:20:30
2692001,01,610172,Sealbag-automaat,Unavailable,False,2025-01-10 00:20:31
2692001,02,920331,Geldautomaat,Unavailable,False,2025-01-10 00:20:31
2711001,01,921294,Geldautomaat,Unavailable,False,2025-01-10 00:20:31
2711007,01,920883,Geldautomaat,Unavailable,False,2025-01-10 00:20:33
2711007,02,611479,Sealbag-automaat,Unavailable,False,2025-01-10 00:20:33
2711007,03,813035,Geld storten en opnemen,Unavailable,True,2025-01-10 00:20:33
2711008,01,813037,Geld storten en opnemen,Unavailable,True,2025-01-10 00:20:34
2711008,02,813036,Geld storten en opnemen,Unavailable,True,2025-01-10 00:20:34
2711008,03,813038,Geld storten en opnemen,Unavailable,True,2025-01-10 00:20:34
2711008,04,813040,Geld storten en opnemen,Unavailable,True,2025-01-10 00:20:34
2711008,05,813039,Geld storten en opnemen,Unavailable,True,2025-01-10 00:20:34
2712004,01,813108,Geld storten en opnemen,Unavailable,True,2025-01-10 00:20:35
2716002,01,920221,Geldautomaat,Unavailable,False,2025-01-10 00:20:35
2716003,01,921299,Geldautomaat,Unavailable,False,2025-01-10 00:20:36
2717001,01,920476,Geldautomaat,Unavailable,False,2025-01-10 00:20:37
2718001,01,811237,Geld storten en opnemen,Unavailable,True,2025-01-10 00:20:37
2719001,01,921805,Geldautomaat,Unavailable,False,2025-01-10 00:20:38
2719002,01,810925,Geld storten en opnemen,Unavailable,True,2025-01-10 00:20:38
2719002,02,812228,Geld storten en opnemen,Unavailable,True,2025-01-10 00:20:38
2721001,01,920815,Geldautomaat,Unavailable,False,2025-01-10 00:20:39
2722001,01,812978,Geld storten en opnemen,Unavailable,True,2025-01-10 00:20:39
2724001,01,930127,Geldautomaat,Unavailable,False,2025-01-10 00:20:40
2725001,01,811232,Geld storten en opnemen,Unavailable,True,2025-01-10 00:20:41
2725002,01,921488,Geldautomaat,Unavailable,False,2025-01-10 00:20:42
2727001,01,913077,Geldautomaat,Unavailable,False,2025-01-10 00:20:42
2728001,01,921531,Geldautomaat,Unavailable,False,2025-01-10 00:20:43
2741001,01,921806,Geldautomaat,Unavailable,False,2025-01-10 00:20:44
2741002,01,921227,Geldautomaat,Unavailable,False,2025-01-10 00:20:44
2743001,01,920150,Geldautomaat,Unavailable,False,2025-01-10 00:20:45
2751001,01,920107,Geldautomaat,Unavailable,False,2025-01-10 00:20:46
2761001,01,812346,Geld storten en opnemen,Unavailable,True,2025-01-10 00:20:46
2771001,01,810015,Geld storten en opnemen,Unavailable,True,2025-01-10 00:20:47
2771002,01,921268,Geldautomaat,Unavailable,False,2025-01-10 00:20:47
2801001,01,611498,Sealbag-automaat,Unavailable,False,2025-01-10 00:20:48
2801001,02,813111,Geld storten en opnemen,Unavailable,True,2025-01-10 00:20:48
2801002,01,921744,Geldautomaat,Unavailable,False,2025-01-10 00:20:49
2801004,01,611101,Sealbag-automaat,Unavailable,False,2025-01-10 00:20:49
2801004,02,811927,Geld storten en opnemen,Unavailable,True,2025-01-10 00:20:49
2801006,01,811518,Geld storten en opnemen,Unavailable,True,2025-01-10 00:20:50
2802001,01,920856,Geldautomaat,Unavailable,False,2025-01-10 00:20:51
2804001,01,913914,Geldautomaat,Unavailable,False,2025-01-10 00:20:51
2804002,01,921327,Geldautomaat,Unavailable,False,2025-01-10 00:20:52
2804005,01,812075,Geld storten en opnemen,Unavailable,True,2025-01-10 00:20:52
2804006,01,811704,Geld storten en opnemen,Unavailable,True,2025-01-10 00:20:53
2807001,01,921965,Geldautomaat,Unavailable,False,2025-01-10 00:20:54
2807003,01,812123,Geld storten en opnemen,Unavailable,True,2025-01-10 00:20:54
2809001,01,921909,Geldautomaat,Unavailable,False,2025-01-10 00:20:55
2811001,01,910853,Geldautomaat,Unavailable,False,2025-01-10 00:20:55
2821001,01,920022,Geldautomaat,Unavailable,False,2025-01-10 00:20:56
2831001,01,920231,Geldautomaat,Unavailable,False,2025-01-10 00:20:57
2841001,01,921384,Geldautomaat,Unavailable,False,2025-01-10 00:20:57
2841002,01,910767,Geldautomaat,Unavailable,False,2025-01-10 00:20:58
2851001,01,610118,Sealbag-automaat,Unavailable,False,2025-01-10 00:20:58
2851001,02,920372,Geldautomaat,Unavailable,False,2025-01-10 00:20:58
2861001,01,920379,Geldautomaat,Unavailable,False,2025-01-10 00:20:59
2861001,02,811490,Geld storten en opnemen,Unavailable,True,2025-01-10 00:20:59
2861001,03,610354,Sealbag-automaat,Unavailable,False,2025-01-10 00:20:59
2871002,01,921464,Geldautomaat,Unavailable,False,2025-01-10 00:21:00
2871003,01,911787,Geldautomaat,Unavailable,False,2025-01-10 00:21:00
2871004,01,920149,Geldautomaat,Unavailable,False,2025-01-10 00:21:01
2901001,01,920544,Geldautomaat,Unavailable,False,2025-01-10 00:21:02
2902001,01,910822,Geldautomaat,Unavailable,False,2025-01-10 00:21:03
2903001,01,921484,Geldautomaat,Unavailable,False,2025-01-10 00:21:03
2903004,01,611093,Sealbag-automaat,Unavailable,False,2025-01-10 00:21:04
2903004,02,920367,Geldautomaat,Unavailable,False,2025-01-10 00:21:04
2903007,01,810459,Geld storten en opnemen,Unavailable,True,2025-01-10 00:21:04
2903008,01,810458,Geld storten en opnemen,Unavailable,True,2025-01-10 00:21:05
2903010,01,920620,Geldautomaat,Unavailable,False,2025-01-10 00:21:06
2903010,02,813014,Geld storten en opnemen,Unavailable,True,2025-01-10 00:21:06
2904001,01,914128,Geldautomaat,Unavailable,False,2025-01-10 00:21:06
2904002,01,921439,Geldautomaat,Unavailable,False,2025-01-10 00:21:07
2904003,01,812614,Geld storten en opnemen,Unavailable,True,2025-01-10 00:21:07
2907001,01,811236,Geld storten en opnemen,Unavailable,False,2025-01-10 00:21:08
2907002,01,921487,Geldautomaat,Unavailable,False,2025-01-10 00:21:08
2914001,01,810197,Geld storten en opnemen,Unavailable,True,2025-01-10 00:21:09
2914001,02,610146,Sealbag-automaat,Unavailable,False,2025-01-10 00:21:09
2914002,01,921868,Geldautomaat,Unavailable,False,2025-01-10 00:21:10
2922001,01,921463,Geldautomaat,Unavailable,False,2025-01-10 00:21:10
2922002,01,811648,Geld storten en opnemen,Unavailable,True,2025-01-10 00:21:11
2922002,02,611020,Sealbag-automaat,Unavailable,False,2025-01-10 00:21:11
2922006,01,812545,Geld storten en opnemen,Unavailable,True,2025-01-10 00:21:12
2924001,01,920481,Geldautomaat,Unavailable,False,2025-01-10 00:21:12
2931001,01,930180,Geldautomaat,Unavailable,False,2025-01-10 00:21:13
2931002,01,910763,Geldautomaat,Unavailable,False,2025-01-10 00:21:13
2935001,01,922000,Geldautomaat,Unavailable,False,2025-01-10 00:21:14
2941001,01,921820,Geldautomaat,Unavailable,False,2025-01-10 00:21:15
2941002,01,813304,Geld storten en opnemen,Unavailable,False,2025-01-10 00:21:15
2941003,01,920023,Geldautomaat,Unavailable,False,2025-01-10 00:21:16
2951001,01,810116,Geld storten en opnemen,Unavailable,True,2025-01-10 00:21:16
2951001,02,610050,Sealbag-automaat,Unavailable,False,2025-01-10 00:21:16
2951002,01,921821,Geldautomaat,Unavailable,False,2025-01-10 00:21:17
2951004,01,811058,Geld storten en opnemen,Unavailable,True,2025-01-10 00:21:18
2957001,01,812466,Geld storten en opnemen,Unavailable,True,2025-01-10 00:21:18
2957001,02,610276,Sealbag-automaat,Unavailable,False,2025-01-10 00:21:18
2959001,01,922001,Geldautomaat,Unavailable,False,2025-01-10 00:21:19
2964001,01,610117,Sealbag-automaat,Unavailable,False,2025-01-10 00:21:19
2964001,02,920948,Geldautomaat,Unavailable,False,2025-01-10 00:21:19
2965001,01,920100,Geldautomaat,Unavailable,False,2025-01-10 00:21:20
2973001,01,920570,Geldautomaat,Unavailable,False,2025-01-10 00:21:20
2973001,02,610143,Sealbag-automaat,Unavailable,False,2025-01-10 00:21:20
2981001,01,610467,Sealbag-automaat,Unavailable,False,2025-01-10 00:21:21
2981001,02,810583,Geld storten en opnemen,Unavailable,True,2025-01-10 00:21:21
2981002,01,921652,Geldautomaat,Unavailable,False,2025-01-10 00:21:22
2981006,01,810589,Geld storten en opnemen,Unavailable,True,2025-01-10 00:21:22
2983001,01,921670,Geldautomaat,Unavailable,False,2025-01-10 00:21:23
2983002,01,910788,Geldautomaat,Unavailable,False,2025-01-10 00:21:24
2986001,01,910054,Geldautomaat,Unavailable,False,2025-01-10 00:21:25
2987001,01,811054,Geld storten en opnemen,Unavailable,True,2025-01-10 00:21:25
2987002,01,912660,Geldautomaat,Unavailable,False,2025-01-10 00:21:26
2987003,01,920506,Geldautomaat,Unavailable,False,2025-01-10 00:21:26
2991001,01,921680,Geldautomaat,Unavailable,False,2025-01-10 00:21:27
2991006,01,811489,Geld storten en opnemen,Unavailable,True,2025-01-10 00:21:28
2991007,01,810408,Geld storten en opnemen,Unavailable,True,2025-01-10 00:21:28
2993001,01,921710,Geldautomaat,Unavailable,False,2025-01-10 00:21:29
2993003,01,811325,Geld storten en opnemen,Unavailable,True,2025-01-10 00:21:29
2995001,01,920084,Geldautomaat,Unavailable,False,2025-01-10 00:21:30
3011001,01,921712,Geldautomaat,Unavailable,False,2025-01-10 00:21:31
3011002,01,913962,Geldautomaat,Unavailable,False,2025-01-10 00:21:31
3011002,02,811295,Geld storten en opnemen,Unavailable,True,2025-01-10 00:21:31
3011004,01,930099,Geldautomaat,Unavailable,False,2025-01-10 00:21:32
3011005,01,610263,Sealbag-automaat,Unavailable,False,2025-01-10 00:21:32
3011005,02,911941,Geldautomaat,Unavailable,False,2025-01-10 00:21:32
3011007,01,921711,Geldautomaat,Unavailable,False,2025-01-10 00:21:33
3012001,01,810075,Geld storten en opnemen,Unavailable,True,2025-01-10 00:21:34
3012001,02,810932,Geld storten en opnemen,Unavailable,True,2025-01-10 00:21:34
3012003,01,921714,Geldautomaat,Unavailable,False,2025-01-10 00:21:35
3012006,01,921747,Geldautomaat,Unavailable,False,2025-01-10 00:21:36
3012012,01,920483,Geldautomaat,Unavailable,False,2025-01-10 00:21:36
3012012,02,611325,Sealbag-automaat,Unavailable,False,2025-01-10 00:21:36
3012012,03,812495,Geld storten en opnemen,Unavailable,True,2025-01-10 00:21:36
3012012,04,812494,Geld storten en opnemen,Unavailable,True,2025-01-10 00:21:36
3012014,01,812497,Geld storten en opnemen,Unavailable,True,2025-01-10 00:21:37
3012014,02,812500,Geld storten en opnemen,Unavailable,False,2025-01-10 00:21:37
3012014,03,812496,Geld storten en opnemen,Unavailable,True,2025-01-10 00:21:37
3012014,04,812498,Geld storten en opnemen,Unavailable,True,2025-01-10 00:21:37
3012014,05,812499,Geld storten en opnemen,Unavailable,True,2025-01-10 00:21:37
3013001,01,914150,Geldautomaat,Unavailable,False,2025-01-10 00:21:37
3013001,02,610310,Sealbag-automaat,Unavailable,False,2025-01-10 00:21:37
3013001,03,914149,Geldautomaat,Unavailable,False,2025-01-10 00:21:37
3013002,01,812061,Geld storten en opnemen,Unavailable,True,2025-01-10 00:21:38
3014001,01,920926,Geldautomaat,Unavailable,False,2025-01-10 00:21:38
3014001,02,920928,Geldautomaat,Unavailable,False,2025-01-10 00:21:38
3014004,01,812812,Geld storten en opnemen,Unavailable,True,2025-01-10 00:21:40
3015002,01,930007,Geldautomaat,Unavailable,False,2025-01-10 00:21:40
3021001,01,811860,Geld storten en opnemen,Unavailable,True,2025-01-10 00:21:41
3021001,02,914144,Geldautomaat,Unavailable,False,2025-01-10 00:21:41
3021002,01,921748,Geldautomaat,Unavailable,False,2025-01-10 00:21:41
3022001,01,811823,Geld storten en opnemen,Unavailable,True,2025-01-10 00:21:42
3022001,02,914160,Geldautomaat,Unavailable,False,2025-01-10 00:21:42
3022002,01,921450,Geldautomaat,Unavailable,False,2025-01-10 00:21:43
3022003,01,811466,Geld storten en opnemen,Unavailable,False,2025-01-10 00:21:43
3023001,01,811636,Geld storten en opnemen,Unavailable,True,2025-01-10 00:21:44
3023001,02,810355,Geld storten en opnemen,Unavailable,True,2025-01-10 00:21:44
3023001,03,610308,Sealbag-automaat,Unavailable,False,2025-01-10 00:21:44
3024001,01,921451,Geldautomaat,Unavailable,False,2025-01-10 00:21:44
3026001,01,810034,Geld storten en opnemen,Unavailable,True,2025-01-10 00:21:45
3026001,02,810033,Geld storten en opnemen,Unavailable,True,2025-01-10 00:21:45
3026002,01,812337,Geld storten en opnemen,Unavailable,True,2025-01-10 00:21:46
3029001,01,921619,Geldautomaat,Unavailable,False,2025-01-10 00:21:46
3031001,01,930137,Geldautomaat,Unavailable,False,2025-01-10 00:21:47
3034001,01,811852,Geld storten en opnemen,Unavailable,True,2025-01-10 00:21:47
3034001,02,920661,Geldautomaat,Unavailable,False,2025-01-10 00:21:47
3035001,01,914664,Geldautomaat,Unavailable,False,2025-01-10 00:21:48
3035001,02,812460,Geld storten en opnemen,Unavailable,True,2025-01-10 00:21:48
3035003,01,812135,Geld storten en opnemen,Unavailable,True,2025-01-10 00:21:49
3035004,01,812775,Geld storten en opnemen,Unavailable,True,2025-01-10 00:21:49
3035004,02,812776,Geld storten en opnemen,Unavailable,True,2025-01-10 00:21:49
3035004,03,812778,Geld storten en opnemen,Unavailable,True,2025-01-10 00:21:49
3035004,04,812777,Geld storten en opnemen,Unavailable,True,2025-01-10 00:21:49
3035005,01,812779,Geld storten en opnemen,Unavailable,True,2025-01-10 00:21:50
3035005,02,812780,Geld storten en opnemen,Unavailable,True,2025-01-10 00:21:50
3035005,03,920222,Geldautomaat,Unavailable,False,2025-01-10 00:21:50
3035005,04,611428,Sealbag-automaat,Unavailable,False,2025-01-10 00:21:50
3036001,01,921621,Geldautomaat,Unavailable,False,2025-01-10 00:21:50
3037001,01,921637,Geldautomaat,Unavailable,False,2025-01-10 00:21:51
3037002,01,812276,Geld storten en opnemen,Unavailable,True,2025-01-10 00:21:52
3037004,01,811460,Geld storten en opnemen,Unavailable,True,2025-01-10 00:21:52
3038001,01,811861,Geld storten en opnemen,Unavailable,False,2025-01-10 00:21:53
3038004,01,812693,Geld storten en opnemen,Unavailable,True,2025-01-10 00:21:53
3039001,01,921639,Geldautomaat,Unavailable,False,2025-01-10 00:21:54
3042002,01,920669,Geldautomaat,Unavailable,False,2025-01-10 00:21:55
3042004,01,811478,Geld storten en opnemen,Unavailable,True,2025-01-10 00:21:55
3051001,01,921875,Geldautomaat,Unavailable,False,2025-01-10 00:21:56
3053001,01,811459,Geld storten en opnemen,Unavailable,True,2025-01-10 00:21:57
3053002,01,921876,Geldautomaat,Unavailable,False,2025-01-10 00:21:57
3054001,01,921885,Geldautomaat,Unavailable,False,2025-01-10 00:21:58
3054006,01,812503,Geld storten en opnemen,Unavailable,True,2025-01-10 00:21:58
3055001,01,920992,Geldautomaat,Unavailable,False,2025-01-10 00:21:59
3059001,01,921886,Geldautomaat,Unavailable,False,2025-01-10 00:22:00
3059002,01,811055,Geld storten en opnemen,Unavailable,True,2025-01-10 00:22:00
3061001,01,914735,Geldautomaat,Unavailable,False,2025-01-10 00:22:01
3061001,02,810323,Geld storten en opnemen,Unavailable,True,2025-01-10 00:22:01
3061003,01,921826,Geldautomaat,Unavailable,False,2025-01-10 00:22:01
3061004,01,930113,Geldautomaat,Unavailable,False,2025-01-10 00:22:02
3061005,01,921827,Geldautomaat,Unavailable,False,2025-01-10 00:22:03
3061011,01,812689,Geld storten en opnemen,Unavailable,True,2025-01-10 00:22:03
3063001,01,810045,Geld storten en opnemen,Unavailable,True,2025-01-10 00:22:04
3065001,01,810709,Geld storten en opnemen,Unavailable,True,2025-01-10 00:22:04
3065001,02,610546,Sealbag-automaat,Unavailable,False,2025-01-10 00:22:04
3065002,01,921835,Geldautomaat,Unavailable,False,2025-01-10 00:22:05
3065003,01,811272,Geld storten en opnemen,Unavailable,True,2025-01-10 00:22:06
3067001,01,920820,Geldautomaat,Unavailable,False,2025-01-10 00:22:06
3067002,01,930150,Geldautomaat,Unavailable,False,2025-01-10 00:22:07
3067004,01,810348,Geld storten en opnemen,Unavailable,True,2025-01-10 00:22:08
3067004,02,914584,Geldautomaat,Unavailable,False,2025-01-10 00:22:08
3067004,03,610302,Sealbag-automaat,Unavailable,False,2025-01-10 00:22:08
3067005,01,921838,Geldautomaat,Unavailable,False,2025-01-10 00:22:09
3067007,01,811897,Geld storten en opnemen,Unavailable,True,2025-01-10 00:22:09
3068001,01,810046,Geld storten en opnemen,Unavailable,True,2025-01-10 00:22:10
3068002,01,921020,Geldautomaat,Unavailable,False,2025-01-10 00:22:11
3068005,01,920281,Geldautomaat,Unavailable,False,2025-01-10 00:22:11
3068005,02,812388,Geld storten en opnemen,Unavailable,True,2025-01-10 00:22:11
3069001,01,921887,Geldautomaat,Unavailable,False,2025-01-10 00:22:12
3071001,01,914148,Geldautomaat,Unavailable,False,2025-01-10 00:22:13
3071002,01,920273,Geldautomaat,Unavailable,False,2025-01-10 00:22:14
3071003,01,921716,Geldautomaat,Unavailable,False,2025-01-10 00:22:14
3071004,01,912825,Geldautomaat,Unavailable,False,2025-01-10 00:22:15
3071005,01,812369,Geld storten en opnemen,Unavailable,True,2025-01-10 00:22:15
3072001,01,810070,Geld storten en opnemen,Unavailable,False,2025-01-10 00:22:16
3072001,02,920490,Geldautomaat,Unavailable,False,2025-01-10 00:22:16
3073001,01,914656,Geldautomaat,Unavailable,False,2025-01-10 00:22:16
3073001,02,914657,Geldautomaat,Unavailable,False,2025-01-10 00:22:16
3074001,01,811842,Geld storten en opnemen,Unavailable,True,2025-01-10 00:22:17
3074001,02,810986,Geld storten en opnemen,Available,True,2025-01-10 00:22:17
3074002,01,921845,Geldautomaat,Unavailable,False,2025-01-10 00:22:18
3076002,01,812136,Geld storten en opnemen,Unavailable,True,2025-01-10 00:22:19
3076003,01,811042,Geld storten en opnemen,Unavailable,True,2025-01-10 00:22:19
3076004,01,812896,Geld storten en opnemen,Unavailable,True,2025-01-10 00:22:20
3077001,01,920344,Geldautomaat,Unavailable,False,2025-01-10 00:22:20
3078002,01,921846,Geldautomaat,Unavailable,False,2025-01-10 00:22:21
3078005,01,812020,Geld storten en opnemen,Unavailable,True,2025-01-10 00:22:22
3078005,02,812124,Geld storten en opnemen,Unavailable,True,2025-01-10 00:22:22
3078006,01,812919,Geld storten en opnemen,Unavailable,True,2025-01-10 00:22:23
3078007,01,812979,Geld storten en opnemen,Unavailable,True,2025-01-10 00:22:24
3079001,01,920862,Geldautomaat,Unavailable,False,2025-01-10 00:22:24
3082001,01,930063,Geldautomaat,Unavailable,False,2025-01-10 00:22:25
3082002,01,912838,Geldautomaat,Unavailable,False,2025-01-10 00:22:25
3082002,02,912837,Geldautomaat,Unavailable,False,2025-01-10 00:22:25
3082003,01,812003,Geld storten en opnemen,Unavailable,True,2025-01-10 00:22:26
3082004,01,812725,Geld storten en opnemen,Unavailable,True,2025-01-10 00:22:26
3083001,01,920743,Geldautomaat,Unavailable,False,2025-01-10 00:22:27
3083001,02,812378,Geld storten en opnemen,Unavailable,True,2025-01-10 00:22:27
3083003,01,610558,Sealbag-automaat,Unavailable,False,2025-01-10 00:22:28
3083003,02,812283,Geld storten en opnemen,Unavailable,True,2025-01-10 00:22:28
3083004,01,921856,Geldautomaat,Unavailable,False,2025-01-10 00:22:28
3083005,01,912635,Geldautomaat,Unavailable,False,2025-01-10 00:22:29
3083005,02,912634,Geldautomaat,Unavailable,False,2025-01-10 00:22:29
3085001,01,913901,Geldautomaat,Unavailable,False,2025-01-10 00:22:29
3085002,01,921857,Geldautomaat,Unavailable,False,2025-01-10 00:22:30
3085003,01,811315,Geld storten en opnemen,Unavailable,True,2025-01-10 00:22:31
3085005,01,920898,Geldautomaat,Unavailable,False,2025-01-10 00:22:31
3085005,02,920896,Geldautomaat,Unavailable,False,2025-01-10 00:22:31
3086001,01,921586,Geldautomaat,Unavailable,False,2025-01-10 00:22:32
3086004,01,810728,Geld storten en opnemen,Unavailable,True,2025-01-10 00:22:32
3086005,01,611336,Sealbag-automaat,Unavailable,False,2025-01-10 00:22:33
3086005,02,920247,Geldautomaat,Unavailable,False,2025-01-10 00:22:33
3111001,01,921888,Geldautomaat,Unavailable,False,2025-01-10 00:22:34
3111003,01,920665,Geldautomaat,Unavailable,False,2025-01-10 00:22:34
3111006,01,611352,Sealbag-automaat,Unavailable,False,2025-01-10 00:22:35
3111006,02,812418,Geld storten en opnemen,Unavailable,True,2025-01-10 00:22:35
3111006,03,812550,Geld storten en opnemen,Unavailable,True,2025-01-10 00:22:35
3111007,01,811573,Geld storten en opnemen,Unavailable,False,2025-01-10 00:22:35
3114002,01,921869,Geldautomaat,Unavailable,False,2025-01-10 00:22:36
3117001,01,914666,Geldautomaat,Unavailable,False,2025-01-10 00:22:37
3119001,01,920906,Geldautomaat,Unavailable,False,2025-01-10 00:22:37
3119001,02,920902,Geldautomaat,Unavailable,False,2025-01-10 00:22:37
3119004,01,812594,Geld storten en opnemen,Unavailable,True,2025-01-10 00:22:38
3121001,01,921610,Geldautomaat,Unavailable,False,2025-01-10 00:22:39
3123002,01,812051,Geld storten en opnemen,Unavailable,True,2025-01-10 00:22:40
3131001,01,914871,Geldautomaat,Unavailable,False,2025-01-10 00:22:40
3131001,02,914872,Geldautomaat,Unavailable,False,2025-01-10 00:22:40
3131003,01,921870,Geldautomaat,Unavailable,False,2025-01-10 00:22:41
3131007,01,811590,Geld storten en opnemen,Unavailable,True,2025-01-10 00:22:43
3132001,01,921877,Geldautomaat,Unavailable,False,2025-01-10 00:22:43
3132002,01,920285,Geldautomaat,Unavailable,False,2025-01-10 00:22:44
3135002,01,920345,Geldautomaat,Unavailable,False,2025-01-10 00:22:44
3136001,01,920488,Geldautomaat,Unavailable,False,2025-01-10 00:22:45
3136001,02,810288,Geld storten en opnemen,Unavailable,True,2025-01-10 00:22:45
3136002,01,913089,Geldautomaat,Unavailable,False,2025-01-10 00:22:46
3137001,01,921878,Geldautomaat,Unavailable,False,2025-01-10 00:22:46
3137002,01,812584,Geld storten en opnemen,Unavailable,True,2025-01-10 00:22:47
3141001,01,920959,Geldautomaat,Unavailable,False,2025-01-10 00:22:47
3141002,01,810068,Geld storten en opnemen,Unavailable,True,2025-01-10 00:22:48
3141003,01,921110,Geldautomaat,Unavailable,False,2025-01-10 00:22:49
3142001,01,910517,Geldautomaat,Unavailable,False,2025-01-10 00:22:49
3144001,01,921413,Geldautomaat,Unavailable,False,2025-01-10 00:22:50
3144004,01,812125,Geld storten en opnemen,Unavailable,True,2025-01-10 00:22:50
3151001,01,913936,Geldautomaat,Unavailable,False,2025-01-10 00:22:51
3151002,01,921851,Geldautomaat,Unavailable,False,2025-01-10 00:22:51
3151003,01,810181,Geld storten en opnemen,Available,True,2025-01-10 00:22:52
3155001,01,921854,Geldautomaat,Unavailable,False,2025-01-10 00:22:53
3161002,01,930115,Geldautomaat,Unavailable,False,2025-01-10 00:22:54
3161004,01,811875,Geld storten en opnemen,Unavailable,True,2025-01-10 00:22:54
3162001,01,921587,Geldautomaat,Unavailable,False,2025-01-10 00:22:55
3162002,01,920692,Geldautomaat,Unavailable,False,2025-01-10 00:22:56
3171001,01,920894,Geldautomaat,Unavailable,False,2025-01-10 00:22:56
3181001,01,812223,Geld storten en opnemen,Unavailable,True,2025-01-10 00:22:57
3181002,01,921405,Geldautomaat,Unavailable,False,2025-01-10 00:22:57
3181003,01,610170,Sealbag-automaat,Unavailable,False,2025-01-10 00:22:58
3181003,02,911768,Geldautomaat,Unavailable,False,2025-01-10 00:22:58
3191001,01,611505,Sealbag-automaat,Unavailable,False,2025-01-10 00:22:59
3191001,02,810377,Geld storten en opnemen,Unavailable,True,2025-01-10 00:22:59
3191001,03,810376,Geld storten en opnemen,Unavailable,True,2025-01-10 00:22:59
3191002,01,921572,Geldautomaat,Unavailable,False,2025-01-10 00:23:00
3191005,01,811537,Geld storten en opnemen,Unavailable,True,2025-01-10 00:23:01
3192002,01,921739,Geldautomaat,Unavailable,False,2025-01-10 00:23:02
3195001,01,920306,Geldautomaat,Unavailable,False,2025-01-10 00:23:03
3195001,02,610284,Sealbag-automaat,Available,False,2025-01-10 00:23:03
3201001,01,811661,Geld storten en opnemen,Unavailable,True,2025-01-10 00:23:03
3201001,02,611299,Sealbag-automaat,Unavailable,False,2025-01-10 00:23:03
3201002,01,921556,Geldautomaat,Unavailable,False,2025-01-10 00:23:04
3201004,01,911806,Geldautomaat,Unavailable,False,2025-01-10 00:23:05
3201008,01,811576,Geld storten en opnemen,Unavailable,True,2025-01-10 00:23:06
3202001,01,921557,Geldautomaat,Unavailable,False,2025-01-10 00:23:06
3204001,01,921571,Geldautomaat,Unavailable,False,2025-01-10 00:23:07
3205001,01,920538,Geldautomaat,Unavailable,False,2025-01-10 00:23:08
3206002,01,921573,Geldautomaat,Unavailable,False,2025-01-10 00:23:08
3207001,01,920275,Geldautomaat,Unavailable,False,2025-01-10 00:23:09
3214001,01,810052,Geld storten en opnemen,Unavailable,True,2025-01-10 00:23:09
3221001,01,921740,Geldautomaat,Unavailable,False,2025-01-10 00:23:11
3221003,01,812586,Geld storten en opnemen,Unavailable,True,2025-01-10 00:23:12
3223001,01,921022,Geldautomaat,Unavailable,False,2025-01-10 00:23:12
3224002,01,921324,Geldautomaat,Unavailable,False,2025-01-10 00:23:14
3224003,01,810512,Geld storten en opnemen,Unavailable,True,2025-01-10 00:23:14
3224003,02,610404,Sealbag-automaat,Unavailable,False,2025-01-10 00:23:14
3224003,03,912317,Geldautomaat,Unavailable,False,2025-01-10 00:23:14
3224005,01,811134,Geld storten en opnemen,Unavailable,True,2025-01-10 00:23:15
3225001,01,920541,Geldautomaat,Unavailable,False,2025-01-10 00:23:16
3227001,01,920698,Geldautomaat,Unavailable,False,2025-01-10 00:23:16
3231002,01,921444,Geldautomaat,Unavailable,False,2025-01-10 00:23:17
3231003,01,813205,Geld storten en opnemen,Unavailable,True,2025-01-10 00:23:17
3232001,01,920326,Geldautomaat,Unavailable,False,2025-01-10 00:23:18
3232003,01,812633,Geld storten en opnemen,Unavailable,True,2025-01-10 00:23:19
3233001,01,810215,Geld storten en opnemen,Unavailable,True,2025-01-10 00:23:20
3233002,01,921471,Geldautomaat,Unavailable,False,2025-01-10 00:23:20
3235001,01,911763,Geldautomaat,Available,False,2025-01-10 00:23:21
3235003,01,812015,Geld storten en opnemen,Unavailable,True,2025-01-10 00:23:21
3241002,01,921436,Geldautomaat,Unavailable,False,2025-01-10 00:23:22
3241004,01,811146,Geld storten en opnemen,Unavailable,True,2025-01-10 00:23:23
3243001,01,920139,Geldautomaat,Unavailable,False,2025-01-10 00:23:23
3244001,01,920143,Geldautomaat,Unavailable,False,2025-01-10 00:23:24
3245001,01,921445,Geldautomaat,Unavailable,False,2025-01-10 00:23:24
3247001,01,920594,Geldautomaat,Unavailable,False,2025-01-10 00:23:25
3247001,02,610239,Sealbag-automaat,Unavailable,False,2025-01-10 00:23:25
3248001,01,920595,Geldautomaat,Unavailable,False,2025-01-10 00:23:26
3249001,01,920144,Geldautomaat,Unavailable,False,2025-01-10 00:23:26
3251002,01,920079,Geldautomaat,Unavailable,False,2025-01-10 00:23:27
3253001,01,611015,Sealbag-automaat,Unavailable,False,2025-01-10 00:23:27
3253002,01,921425,Geldautomaat,Unavailable,False,2025-01-10 00:23:28
3253003,01,811732,Geld storten en opnemen,Unavailable,True,2025-01-10 00:23:29
3255001,01,921481,Geldautomaat,Unavailable,False,2025-01-10 00:23:29
3255002,01,810219,Geld storten en opnemen,Unavailable,True,2025-01-10 00:23:30
3257001,01,920718,Geldautomaat,Unavailable,False,2025-01-10 00:23:30
3258001,01,920392,Geldautomaat,Unavailable,False,2025-01-10 00:23:31
3262001,01,811736,Geld storten en opnemen,Unavailable,True,2025-01-10 00:23:32
3262001,02,611235,Sealbag-automaat,Unavailable,False,2025-01-10 00:23:32
3262002,01,930087,Geldautomaat,Unavailable,False,2025-01-10 00:23:32
3262004,01,812987,Geld storten en opnemen,Unavailable,True,2025-01-10 00:23:33
3262005,01,811561,Geld storten en opnemen,Unavailable,True,2025-01-10 00:23:33
3264001,01,920972,Geldautomaat,Unavailable,False,2025-01-10 00:23:34
3271001,01,920922,Geldautomaat,Unavailable,False,2025-01-10 00:23:35
3274002,01,813093,Geld storten en opnemen,Unavailable,True,2025-01-10 00:23:35
3281001,01,921267,Geldautomaat,Unavailable,False,2025-01-10 00:23:36
3281002,01,810204,Geld storten en opnemen,Unavailable,True,2025-01-10 00:23:36
3281002,02,610152,Sealbag-automaat,Unavailable,False,2025-01-10 00:23:36
3284001,01,930145,Geldautomaat,Unavailable,False,2025-01-10 00:23:37
3291001,01,921400,Geldautomaat,Unavailable,False,2025-01-10 00:23:38
3291002,01,610193,Sealbag-automaat,Unavailable,False,2025-01-10 00:23:38
3291002,02,920975,Geldautomaat,Unavailable,False,2025-01-10 00:23:38
3295002,01,810233,Geld storten en opnemen,Unavailable,True,2025-01-10 00:23:39
3297001,01,921418,Geldautomaat,Unavailable,False,2025-01-10 00:23:40
3297002,01,920431,Geldautomaat,Unavailable,False,2025-01-10 00:23:41
3297002,02,611493,Sealbag-automaat,Unavailable,False,2025-01-10 00:23:41
3311002,01,921380,Geldautomaat,Unavailable,False,2025-01-10 00:23:42
3311003,01,921403,Geldautomaat,Unavailable,False,2025-01-10 00:23:42
3311005,01,913277,Geldautomaat,Unavailable,False,2025-01-10 00:23:43
3311009,01,812064,Geld storten en opnemen,Unavailable,True,2025-01-10 00:23:44
3312001,01,920663,Geldautomaat,Unavailable,False,2025-01-10 00:23:45
3314001,01,920447,Geldautomaat,Unavailable,False,2025-01-10 00:23:45
3315002,01,921721,Geldautomaat,Unavailable,False,2025-01-10 00:23:46
3315003,01,910324,Geldautomaat,Unavailable,False,2025-01-10 00:23:47
3315004,01,920685,Geldautomaat,Unavailable,False,2025-01-10 00:23:47
3317001,01,812665,Geld storten en opnemen,Unavailable,True,2025-01-10 00:23:48
3317003,01,920211,Geldautomaat,Unavailable,False,2025-01-10 00:23:48
3317007,01,812413,Geld storten en opnemen,Available,True,2025-01-10 00:23:49
3317008,01,812677,Geld storten en opnemen,Unavailable,True,2025-01-10 00:23:50
3318001,01,810020,Geld storten en opnemen,Unavailable,True,2025-01-10 00:23:50
3318001,02,914706,Geldautomaat,Unavailable,False,2025-01-10 00:23:50
3318002,01,920063,Geldautomaat,Unavailable,False,2025-01-10 00:23:51
3318002,02,920056,Geldautomaat,Unavailable,False,2025-01-10 00:23:51
3319001,01,813006,Geld storten en opnemen,Unavailable,True,2025-01-10 00:23:52
3319002,01,610236,Sealbag-automaat,Unavailable,False,2025-01-10 00:23:52
3319002,02,920350,Geldautomaat,Unavailable,False,2025-01-10 00:23:52
3331001,01,910326,Geldautomaat,Unavailable,False,2025-01-10 00:23:53
3332003,01,921723,Geldautomaat,Unavailable,False,2025-01-10 00:23:54
3332006,01,610711,Sealbag-automaat,Unavailable,False,2025-01-10 00:23:54
3332006,02,920343,Geldautomaat,Unavailable,False,2025-01-10 00:23:54
3332006,03,811220,Geld storten en opnemen,Unavailable,True,2025-01-10 00:23:54
3332007,01,811634,Geld storten en opnemen,Unavailable,True,2025-01-10 00:23:55
3333001,01,810054,Geld storten en opnemen,Unavailable,True,2025-01-10 00:23:56
3333002,01,911407,Geldautomaat,Unavailable,False,2025-01-10 00:23:56
3335001,01,921971,Geldautomaat,Unavailable,False,2025-01-10 00:23:57
3335002,01,910261,Geldautomaat,Unavailable,False,2025-01-10 00:23:57
3341002,01,812691,Geld storten en opnemen,Unavailable,True,2025-01-10 00:23:58
3342001,01,921828,Geldautomaat,Unavailable,False,2025-01-10 00:23:59
3343001,01,920351,Geldautomaat,Unavailable,False,2025-01-10 00:23:59
3344001,01,921829,Geldautomaat,Unavailable,False,2025-01-10 00:24:00
3344002,01,811628,Geld storten en opnemen,Unavailable,True,2025-01-10 00:24:00
3351001,01,920750,Geldautomaat,Unavailable,False,2025-01-10 00:24:01
3353001,01,611154,Sealbag-automaat,Unavailable,False,2025-01-10 00:24:02
3353001,02,812159,Geld storten en opnemen,Unavailable,True,2025-01-10 00:24:02
3353001,03,920825,Geldautomaat,Unavailable,False,2025-01-10 00:24:02
3353005,01,810585,Geld storten en opnemen,Unavailable,True,2025-01-10 00:24:02
3353006,01,812627,Geld storten en opnemen,Unavailable,True,2025-01-10 00:24:03
3355001,01,921101,Geldautomaat,Unavailable,False,2025-01-10 00:24:03
3355002,01,910373,Geldautomaat,Unavailable,False,2025-01-10 00:24:04
3362001,01,810239,Geld storten en opnemen,Unavailable,True,2025-01-10 00:24:05
3362001,02,914749,Geldautomaat,Unavailable,False,2025-01-10 00:24:05
3362002,01,921290,Geldautomaat,Unavailable,False,2025-01-10 00:24:05
3362004,01,811810,Geld storten en opnemen,Unavailable,True,2025-01-10 00:24:06
3371001,01,921625,Geldautomaat,Unavailable,False,2025-01-10 00:24:06
3371002,01,812392,Geld storten en opnemen,Unavailable,True,2025-01-10 00:24:07
3371002,02,920567,Geldautomaat,Unavailable,False,2025-01-10 00:24:07
3371003,01,812608,Geld storten en opnemen,Unavailable,True,2025-01-10 00:24:08
3372001,01,910753,Geldautomaat,Unavailable,False,2025-01-10 00:24:08
3381001,01,920568,Geldautomaat,Unavailable,False,2025-01-10 00:24:09
3381001,02,610667,Sealbag-automaat,Unavailable,False,2025-01-10 00:24:09
3401001,01,921630,Geldautomaat,Unavailable,False,2025-01-10 00:24:09
3401002,01,920053,Geldautomaat,Unavailable,False,2025-01-10 00:24:10
3401006,01,610948,Sealbag-automaat,Unavailable,False,2025-01-10 00:24:11
3401006,02,811416,Geld storten en opnemen,Unavailable,True,2025-01-10 00:24:11
3401006,03,913584,Geldautomaat,Unavailable,False,2025-01-10 00:24:11
3401008,01,811415,Geld storten en opnemen,Unavailable,True,2025-01-10 00:24:12
3402001,01,920391,Geldautomaat,Unavailable,False,2025-01-10 00:24:12
3404001,01,920087,Geldautomaat,Unavailable,False,2025-01-10 00:24:13
3405001,01,920140,Geldautomaat,Unavailable,False,2025-01-10 00:24:14
3411001,01,811418,Geld storten en opnemen,Unavailable,True,2025-01-10 00:24:14
3411002,01,920387,Geldautomaat,Unavailable,False,2025-01-10 00:24:15
3411002,02,610588,Sealbag-automaat,Unavailable,False,2025-01-10 00:24:15
3417001,01,921446,Geldautomaat,Unavailable,False,2025-01-10 00:24:15
3417003,01,811553,Geld storten en opnemen,Unavailable,True,2025-01-10 00:24:16
3421002,01,920985,Geldautomaat,Unavailable,False,2025-01-10 00:24:17
3421002,02,610595,Sealbag-automaat,Unavailable,False,2025-01-10 00:24:17
3431001,01,921448,Geldautomaat,Unavailable,False,2025-01-10 00:24:18
3431003,01,920020,Geldautomaat,Unavailable,False,2025-01-10 00:24:18
3431006,01,611108,Sealbag-automaat,Unavailable,False,2025-01-10 00:24:20
3431006,02,811932,Geld storten en opnemen,Unavailable,True,2025-01-10 00:24:20
3431008,01,812044,Geld storten en opnemen,Unavailable,True,2025-01-10 00:24:20
3431009,01,812224,Geld storten en opnemen,Unavailable,True,2025-01-10 00:24:21
3432001,01,921454,Geldautomaat,Unavailable,False,2025-01-10 00:24:21
3433001,01,920075,Geldautomaat,Unavailable,False,2025-01-10 00:24:22
3434001,01,921455,Geldautomaat,Unavailable,False,2025-01-10 00:24:23
3434002,01,920076,Geldautomaat,Unavailable,False,2025-01-10 00:24:23
3437001,01,910792,Geldautomaat,Unavailable,False,2025-01-10 00:24:24
3437002,01,921713,Geldautomaat,Unavailable,False,2025-01-10 00:24:24
3437003,01,920892,Geldautomaat,Unavailable,False,2025-01-10 00:24:25
3437004,01,811275,Geld storten en opnemen,Unavailable,True,2025-01-10 00:24:26
3441001,01,930107,Geldautomaat,Unavailable,False,2025-01-10 00:24:26
3441002,01,610504,Sealbag-automaat,Unavailable,False,2025-01-10 00:24:27
3441002,02,812861,Geld storten en opnemen,Unavailable,True,2025-01-10 00:24:27
3441005,01,812993,Geld storten en opnemen,Unavailable,True,2025-01-10 00:24:27
3443001,01,920517,Geldautomaat,Unavailable,False,2025-01-10 00:24:28
3446001,01,920766,Geldautomaat,Unavailable,False,2025-01-10 00:24:29
3448001,01,920071,Geldautomaat,Unavailable,False,2025-01-10 00:24:29
3448001,02,920077,Geldautomaat,Unavailable,False,2025-01-10 00:24:29
3451001,01,930130,Geldautomaat,Unavailable,False,2025-01-10 00:24:30
3451002,01,811468,Geld storten en opnemen,Unavailable,True,2025-01-10 00:24:30
3451003,01,811389,Geld storten en opnemen,Unavailable,True,2025-01-10 00:24:31
3452001,01,921606,Geldautomaat,Unavailable,False,2025-01-10 00:24:32
3453001,01,910915,Geldautomaat,Unavailable,False,2025-01-10 00:24:32
3454001,01,810359,Geld storten en opnemen,Unavailable,True,2025-01-10 00:24:33
3454001,02,610325,Sealbag-automaat,Available,False,2025-01-10 00:24:33
3454002,01,921158,Geldautomaat,Unavailable,False,2025-01-10 00:24:33
3461001,01,920141,Geldautomaat,Unavailable,False,2025-01-10 00:24:34
3471001,01,920096,Geldautomaat,Unavailable,False,2025-01-10 00:24:35
3474001,01,922011,Geldautomaat,Unavailable,False,2025-01-10 00:24:35
3481001,01,811127,Geld storten en opnemen,Unavailable,True,2025-01-10 00:24:36
3481002,01,912687,Geldautomaat,Unavailable,False,2025-01-10 00:24:37
3511003,01,921236,Geldautomaat,Unavailable,False,2025-01-10 00:24:37
3511004,01,910859,Geldautomaat,Unavailable,False,2025-01-10 00:24:38
3511005,01,921715,Geldautomaat,Unavailable,False,2025-01-10 00:24:38
3511007,01,921706,Geldautomaat,Unavailable,False,2025-01-10 00:24:39
3511011,01,913524,Geldautomaat,Unavailable,False,2025-01-10 00:24:40
3511011,02,912475,Geldautomaat,Unavailable,False,2025-01-10 00:24:40
3511011,03,912474,Geldautomaat,Unavailable,False,2025-01-10 00:24:40
3511013,01,913525,Geldautomaat,Available,False,2025-01-10 00:24:40
3511013,02,811194,Geld storten en opnemen,Available,True,2025-01-10 00:24:40
3511014,01,611497,Sealbag-automaat,Unavailable,False,2025-01-10 00:24:41
3511014,02,930003,Geldautomaat,Unavailable,False,2025-01-10 00:24:41
3511014,03,813094,Geld storten en opnemen,Unavailable,True,2025-01-10 00:24:41
3511015,01,813096,Geld storten en opnemen,Unavailable,True,2025-01-10 00:24:41
3511015,02,813097,Geld storten en opnemen,Unavailable,False,2025-01-10 00:24:41
3511015,03,813098,Geld storten en opnemen,Unavailable,True,2025-01-10 00:24:41
3511015,04,813099,Geld storten en opnemen,Unavailable,True,2025-01-10 00:24:41
3511015,05,813095,Geld storten en opnemen,Unavailable,True,2025-01-10 00:24:41
3512001,01,921686,Geldautomaat,Unavailable,False,2025-01-10 00:24:42
3512003,01,921697,Geldautomaat,Unavailable,False,2025-01-10 00:24:43
3512005,01,813032,Geld storten en opnemen,Unavailable,True,2025-01-10 00:24:43
3513001,01,921825,Geldautomaat,Unavailable,False,2025-01-10 00:24:44
3513002,01,921808,Geldautomaat,Unavailable,False,2025-01-10 00:24:44
3514001,01,930203,Geldautomaat,Unavailable,False,2025-01-10 00:24:45
3521001,01,921728,Geldautomaat,Unavailable,False,2025-01-10 00:24:46
3523002,01,930201,Geldautomaat,Unavailable,False,2025-01-10 00:24:46
3523003,01,811300,Geld storten en opnemen,Unavailable,True,2025-01-10 00:24:47
3524001,01,921729,Geldautomaat,Unavailable,False,2025-01-10 00:24:47
3524002,01,811452,Geld storten en opnemen,Unavailable,True,2025-01-10 00:24:48
3525001,01,921725,Geldautomaat,Unavailable,False,2025-01-10 00:24:49
3527001,01,810314,Geld storten en opnemen,Unavailable,True,2025-01-10 00:24:49
3527001,02,810315,Geld storten en opnemen,Unavailable,True,2025-01-10 00:24:49
3527002,01,921738,Geldautomaat,Unavailable,False,2025-01-10 00:24:50
3527005,01,811622,Geld storten en opnemen,Unavailable,True,2025-01-10 00:24:51
3531001,01,921759,Geldautomaat,Unavailable,False,2025-01-10 00:24:52
3531002,01,810039,Geld storten en opnemen,Unavailable,True,2025-01-10 00:24:52
3531002,02,810040,Geld storten en opnemen,Unavailable,True,2025-01-10 00:24:52
3531002,03,920466,Geldautomaat,Unavailable,False,2025-01-10 00:24:52
3533002,01,930136,Geldautomaat,Unavailable,False,2025-01-10 00:24:53
3541003,01,810742,Geld storten en opnemen,Unavailable,True,2025-01-10 00:24:53
3541005,01,920249,Geldautomaat,Unavailable,False,2025-01-10 00:24:54
3541005,02,812070,Geld storten en opnemen,Unavailable,True,2025-01-10 00:24:54
3543001,01,921789,Geldautomaat,Unavailable,False,2025-01-10 00:24:55
3551001,01,921902,Geldautomaat,Unavailable,False,2025-01-10 00:24:56
3551003,01,810731,Geld storten en opnemen,Unavailable,True,2025-01-10 00:24:56
3554001,01,811292,Geld storten en opnemen,Unavailable,True,2025-01-10 00:24:57
3554002,01,921901,Geldautomaat,Unavailable,False,2025-01-10 00:24:58
3554003,01,920640,Geldautomaat,Unavailable,False,2025-01-10 00:24:58
3562001,01,811720,Geld storten en opnemen,Unavailable,True,2025-01-10 00:24:59
3562001,02,810341,Geld storten en opnemen,Unavailable,True,2025-01-10 00:24:59
3562002,01,921969,Geldautomaat,Unavailable,False,2025-01-10 00:25:00
3562005,01,811463,Geld storten en opnemen,Unavailable,True,2025-01-10 00:25:01
3562006,01,920509,Geldautomaat,Unavailable,False,2025-01-10 00:25:02
3562006,02,611459,Sealbag-automaat,Unavailable,False,2025-01-10 00:25:02
3562006,03,812945,Geld storten en opnemen,Unavailable,True,2025-01-10 00:25:02
3562007,01,812948,Geld storten en opnemen,Unavailable,True,2025-01-10 00:25:02
3562007,02,812950,Geld storten en opnemen,Unavailable,True,2025-01-10 00:25:02
3562007,03,812949,Geld storten en opnemen,Unavailable,True,2025-01-10 00:25:02
3562007,04,812947,Geld storten en opnemen,Unavailable,True,2025-01-10 00:25:02
3562007,05,812946,Geld storten en opnemen,Unavailable,True,2025-01-10 00:25:02
3563001,01,921044,Geldautomaat,Unavailable,False,2025-01-10 00:25:03
3564001,01,930012,Geldautomaat,Unavailable,False,2025-01-10 00:25:04
3571002,01,921918,Geldautomaat,Unavailable,False,2025-01-10 00:25:04
3572001,01,810722,Geld storten en opnemen,Unavailable,True,2025-01-10 00:25:05
3581001,01,921919,Geldautomaat,Unavailable,False,2025-01-10 00:25:06
3581002,01,930108,Geldautomaat,Unavailable,False,2025-01-10 00:25:07
3584002,01,813243,Geld storten en opnemen,Unavailable,True,2025-01-10 00:25:08
3584003,01,920045,Geldautomaat,Unavailable,False,2025-01-10 00:25:08
3601001,01,921188,Geldautomaat,Unavailable,False,2025-01-10 00:25:09
3601002,01,920259,Geldautomaat,Unavailable,False,2025-01-10 00:25:10
3601002,02,610285,Sealbag-automaat,Unavailable,False,2025-01-10 00:25:10
3603001,01,811670,Geld storten en opnemen,Unavailable,True,2025-01-10 00:25:10
3605003,01,921309,Geldautomaat,Unavailable,False,2025-01-10 00:25:11
3605005,01,811495,Geld storten en opnemen,Unavailable,True,2025-01-10 00:25:12
3605006,01,812750,Geld storten en opnemen,Unavailable,True,2025-01-10 00:25:12
3607001,01,930085,Geldautomaat,Unavailable,False,2025-01-10 00:25:13
3615001,01,920368,Geldautomaat,Unavailable,False,2025-01-10 00:25:13
3621003,01,930135,Geldautomaat,Unavailable,False,2025-01-10 00:25:14
3621004,01,611378,Sealbag-automaat,Unavailable,False,2025-01-10 00:25:14
3621004,02,813050,Geld storten en opnemen,Unavailable,True,2025-01-10 00:25:14
3628001,01,930011,Geldautomaat,Unavailable,False,2025-01-10 00:25:15
3641002,01,930155,Geldautomaat,Unavailable,False,2025-01-10 00:25:16
3641003,01,921914,Geldautomaat,Unavailable,False,2025-01-10 00:25:16
3641007,01,811552,Geld storten en opnemen,Unavailable,True,2025-01-10 00:25:17
3641008,01,611339,Sealbag-automaat,Unavailable,False,2025-01-10 00:25:18
3641008,02,812397,Geld storten en opnemen,Unavailable,True,2025-01-10 00:25:18
3645001,01,811200,Geld storten en opnemen,Unavailable,True,2025-01-10 00:25:18
3645002,01,921915,Geldautomaat,Unavailable,False,2025-01-10 00:25:19
3701001,01,921923,Geldautomaat,Unavailable,False,2025-01-10 00:25:19
3701002,01,812375,Geld storten en opnemen,Unavailable,True,2025-01-10 00:25:20
3701002,02,610226,Sealbag-automaat,Unavailable,False,2025-01-10 00:25:20
3701009,01,813065,Geld storten en opnemen,Unavailable,True,2025-01-10 00:25:21
3704001,01,921925,Geldautomaat,Unavailable,False,2025-01-10 00:25:22
3705002,01,811310,Geld storten en opnemen,Unavailable,True,2025-01-10 00:25:22
3705003,01,921046,Geldautomaat,Unavailable,False,2025-01-10 00:25:23
3706001,01,910985,Geldautomaat,Unavailable,False,2025-01-10 00:25:24
3708001,01,930189,Geldautomaat,Unavailable,False,2025-01-10 00:25:24
3722001,01,921943,Geldautomaat,Unavailable,False,2025-01-10 00:25:25
3722006,01,810451,Geld storten en opnemen,Unavailable,True,2025-01-10 00:25:25
3722007,01,611349,Sealbag-automaat,Unavailable,False,2025-01-10 00:25:26
3722007,02,920694,Geldautomaat,Unavailable,False,2025-01-10 00:25:26
3723001,01,920547,Geldautomaat,Unavailable,False,2025-01-10 00:25:26
3731001,01,810152,Geld storten en opnemen,Unavailable,True,2025-01-10 00:25:27
3731002,01,911608,Geldautomaat,Unavailable,False,2025-01-10 00:25:28
3732001,01,921944,Geldautomaat,Unavailable,False,2025-01-10 00:25:28
3734001,01,921952,Geldautomaat,Unavailable,False,2025-01-10 00:25:29
3738001,01,920220,Geldautomaat,Unavailable,False,2025-01-10 00:25:29
3741001,01,921954,Geldautomaat,Unavailable,False,2025-01-10 00:25:30
3743001,01,810118,Geld storten en opnemen,Unavailable,True,2025-01-10 00:25:31
3743002,01,911516,Geldautomaat,Unavailable,False,2025-01-10 00:25:31
3743004,01,811487,Geld storten en opnemen,Unavailable,True,2025-01-10 00:25:32
3751005,01,811091,Geld storten en opnemen,Unavailable,True,2025-01-10 00:25:32
3752001,01,930170,Geldautomaat,Unavailable,False,2025-01-10 00:25:33
3752002,01,930215,Geldautomaat,Unavailable,False,2025-01-10 00:25:34
3752003,01,810969,Geld storten en opnemen,Unavailable,True,2025-01-10 00:25:34
3752003,02,610889,Sealbag-automaat,Unavailable,False,2025-01-10 00:25:34
3752005,01,811783,Geld storten en opnemen,Unavailable,True,2025-01-10 00:25:35
3755002,01,811545,Geld storten en opnemen,Unavailable,True,2025-01-10 00:25:35
3761002,01,921961,Geldautomaat,Unavailable,False,2025-01-10 00:25:36
3761006,01,811660,Geld storten en opnemen,Unavailable,True,2025-01-10 00:25:36
3761008,01,611322,Sealbag-automaat,Unavailable,False,2025-01-10 00:25:37
3761008,02,920412,Geldautomaat,Unavailable,False,2025-01-10 00:25:37
3762001,01,920046,Geldautomaat,Unavailable,False,2025-01-10 00:25:38
3765001,01,921899,Geldautomaat,Unavailable,False,2025-01-10 00:25:38
3766001,01,921900,Geldautomaat,Unavailable,False,2025-01-10 00:25:39
3766002,01,920788,Geldautomaat,Unavailable,False,2025-01-10 00:25:39
3766003,01,812718,Geld storten en opnemen,Unavailable,True,2025-01-10 00:25:40
3768004,01,812662,Geld storten en opnemen,Unavailable,True,2025-01-10 00:25:41
3769002,01,813083,Geld storten en opnemen,Unavailable,True,2025-01-10 00:25:42
3771001,01,921929,Geldautomaat,Unavailable,False,2025-01-10 00:25:43
3771004,01,810438,Geld storten en opnemen,Unavailable,True,2025-01-10 00:25:44
3771005,01,812084,Geld storten en opnemen,Unavailable,True,2025-01-10 00:25:44
3772002,01,611391,Sealbag-automaat,Unavailable,False,2025-01-10 00:25:45
3772002,02,812476,Geld storten en opnemen,Unavailable,True,2025-01-10 00:25:45
3774002,01,813079,Geld storten en opnemen,Unavailable,True,2025-01-10 00:25:46
3781002,01,811430,Geld storten en opnemen,Unavailable,True,2025-01-10 00:25:47
3781003,01,921930,Geldautomaat,Unavailable,False,2025-01-10 00:25:47
3785002,01,812515,Geld storten en opnemen,Unavailable,True,2025-01-10 00:25:48
3791001,01,920215,Geldautomaat,Unavailable,False,2025-01-10 00:25:49
3811002,01,912196,Geldautomaat,Unavailable,False,2025-01-10 00:25:49
3811002,02,812848,Geld storten en opnemen,Unavailable,True,2025-01-10 00:25:49
3811007,01,611451,Sealbag-automaat,Unavailable,False,2025-01-10 00:25:50
3811007,02,920887,Geldautomaat,Unavailable,False,2025-01-10 00:25:50
3811007,03,812898,Geld storten en opnemen,Unavailable,True,2025-01-10 00:25:50
3811008,01,812903,Geld storten en opnemen,Unavailable,True,2025-01-10 00:25:50
3811008,02,812901,Geld storten en opnemen,Unavailable,True,2025-01-10 00:25:50
3811008,03,812900,Geld storten en opnemen,Unavailable,True,2025-01-10 00:25:50
3811008,04,812902,Geld storten en opnemen,Unavailable,True,2025-01-10 00:25:50
3811008,05,812899,Geld storten en opnemen,Unavailable,True,2025-01-10 00:25:50
3812001,01,921967,Geldautomaat,Unavailable,False,2025-01-10 00:25:51
3812002,01,921968,Geldautomaat,Unavailable,False,2025-01-10 00:25:51
3812003,01,930209,Geldautomaat,Unavailable,False,2025-01-10 00:25:52
3813004,01,811297,Geld storten en opnemen,Unavailable,True,2025-01-10 00:25:53
3814001,01,811277,Geld storten en opnemen,Unavailable,True,2025-01-10 00:25:53
3814002,01,912786,Geldautomaat,Unavailable,False,2025-01-10 00:25:54
3814003,01,920982,Geldautomaat,Unavailable,False,2025-01-10 00:25:54
3816001,01,921933,Geldautomaat,Unavailable,False,2025-01-10 00:25:55
3818002,01,921945,Geldautomaat,Unavailable,False,2025-01-10 00:25:56
3822001,01,921948,Geldautomaat,Unavailable,False,2025-01-10 00:25:56
3823001,01,921957,Geldautomaat,Unavailable,False,2025-01-10 00:25:57
3823003,01,911904,Geldautomaat,Unavailable,False,2025-01-10 00:25:57
3823004,01,811616,Geld storten en opnemen,Unavailable,True,2025-01-10 00:25:58
3823005,01,920555,Geldautomaat,Unavailable,False,2025-01-10 00:25:59
3823005,02,812506,Geld storten en opnemen,Unavailable,True,2025-01-10 00:25:59
3824001,01,920369,Geldautomaat,Unavailable,False,2025-01-10 00:25:59
3825001,01,810893,Geld storten en opnemen,Unavailable,True,2025-01-10 00:26:00
3825001,02,610797,Sealbag-automaat,Unavailable,False,2025-01-10 00:26:00
3825002,01,921960,Geldautomaat,Unavailable,False,2025-01-10 00:26:00
3825003,01,811309,Geld storten en opnemen,Unavailable,True,2025-01-10 00:26:01
3828001,01,930139,Geldautomaat,Unavailable,False,2025-01-10 00:26:02
3831001,01,921998,Geldautomaat,Unavailable,False,2025-01-10 00:26:02
3831003,01,811339,Geld storten en opnemen,Unavailable,True,2025-01-10 00:26:03
3831004,01,921042,Geldautomaat,Unavailable,False,2025-01-10 00:26:04
3831005,01,812918,Geld storten en opnemen,Unavailable,True,2025-01-10 00:26:04
3832001,01,920279,Geldautomaat,Unavailable,False,2025-01-10 00:26:05
3841001,01,921822,Geldautomaat,Unavailable,False,2025-01-10 00:26:05
3841004,01,920296,Geldautomaat,Unavailable,False,2025-01-10 00:26:07
3841004,02,611104,Sealbag-automaat,Unavailable,False,2025-01-10 00:26:07
3841005,01,811521,Geld storten en opnemen,Unavailable,True,2025-01-10 00:26:07
3841006,01,812035,Geld storten en opnemen,Unavailable,True,2025-01-10 00:26:08
3842001,01,920888,Geldautomaat,Unavailable,False,2025-01-10 00:26:08
3843001,01,914667,Geldautomaat,Unavailable,False,2025-01-10 00:26:09
3844002,01,911239,Geldautomaat,Unavailable,False,2025-01-10 00:26:09
3845001,01,920562,Geldautomaat,Unavailable,False,2025-01-10 00:26:10
3848001,01,921823,Geldautomaat,Unavailable,False,2025-01-10 00:26:10
3849001,01,922003,Geldautomaat,Unavailable,False,2025-01-10 00:26:11
3851001,01,810165,Geld storten en opnemen,Unavailable,False,2025-01-10 00:26:12
3851002,01,921645,Geldautomaat,Unavailable,False,2025-01-10 00:26:12
3851006,01,811513,Geld storten en opnemen,Unavailable,True,2025-01-10 00:26:13
3861001,01,810923,Geld storten en opnemen,Unavailable,True,2025-01-10 00:26:13
3861001,02,920843,Geldautomaat,Unavailable,False,2025-01-10 00:26:13
3861001,03,610905,Sealbag-automaat,Unavailable,False,2025-01-10 00:26:13
3861002,01,811807,Geld storten en opnemen,Unavailable,True,2025-01-10 00:26:14
3861003,01,811155,Geld storten en opnemen,Unavailable,True,2025-01-10 00:26:15
3862001,01,920218,Geldautomaat,Unavailable,False,2025-01-10 00:26:15
3862002,01,920641,Geldautomaat,Unavailable,False,2025-01-10 00:26:16
3871001,01,810182,Geld storten en opnemen,Unavailable,True,2025-01-10 00:26:16
3871002,01,921719,Geldautomaat,Unavailable,False,2025-01-10 00:26:17
3871003,01,810183,Geld storten en opnemen,Unavailable,True,2025-01-10 00:26:18
3881002,01,921666,Geldautomaat,Unavailable,False,2025-01-10 00:26:18
3881003,01,811354,Geld storten en opnemen,Unavailable,True,2025-01-10 00:26:19
3886001,01,920621,Geldautomaat,Unavailable,False,2025-01-10 00:26:19
3888001,01,920313,Geldautomaat,Unavailable,False,2025-01-10 00:26:20
3891001,01,810280,Geld storten en opnemen,Unavailable,True,2025-01-10 00:26:20
3891002,01,923004,Geldautomaat,Unavailable,False,2025-01-10 00:26:21
3891003,01,911866,Geldautomaat,Unavailable,False,2025-01-10 00:26:22
3891003,02,610225,Sealbag-automaat,Unavailable,False,2025-01-10 00:26:22
3901002,01,921318,Geldautomaat,Unavailable,False,2025-01-10 00:26:22
3901003,01,813063,Geld storten en opnemen,Unavailable,True,2025-01-10 00:26:23
3901003,02,920563,Geldautomaat,Unavailable,False,2025-01-10 00:26:23
3901007,01,811585,Geld storten en opnemen,Unavailable,True,2025-01-10 00:26:24
3901008,01,812054,Geld storten en opnemen,Unavailable,True,2025-01-10 00:26:24
3901010,01,611202,Sealbag-automaat,Unavailable,False,2025-01-10 00:26:25
3901012,01,920475,Geldautomaat,Unavailable,False,2025-01-10 00:26:25
3903001,01,911235,Geldautomaat,Unavailable,False,2025-01-10 00:26:26
3904001,01,920737,Geldautomaat,Unavailable,False,2025-01-10 00:26:27
3904002,01,812659,Geld storten en opnemen,Unavailable,True,2025-01-10 00:26:27
3905001,01,930143,Geldautomaat,Unavailable,False,2025-01-10 00:26:28
3905002,01,920280,Geldautomaat,Unavailable,False,2025-01-10 00:26:28
3907001,01,921953,Geldautomaat,Unavailable,False,2025-01-10 00:26:29
3911001,01,610166,Sealbag-automaat,Unavailable,False,2025-01-10 00:26:30
3911001,02,810211,Geld storten en opnemen,Unavailable,True,2025-01-10 00:26:30
3911002,01,921145,Geldautomaat,Unavailable,False,2025-01-10 00:26:30
3911003,01,911230,Geldautomaat,Unavailable,False,2025-01-10 00:26:31
3921001,01,921955,Geldautomaat,Unavailable,False,2025-01-10 00:26:31
3925002,01,920373,Geldautomaat,Unavailable,False,2025-01-10 00:26:32
3925003,01,811629,Geld storten en opnemen,Unavailable,True,2025-01-10 00:26:33
3927001,01,920703,Geldautomaat,Unavailable,False,2025-01-10 00:26:33
3931001,01,921975,Geldautomaat,Unavailable,False,2025-01-10 00:26:34
3931002,01,811601,Geld storten en opnemen,Unavailable,True,2025-01-10 00:26:34
3941001,01,921165,Geldautomaat,Unavailable,False,2025-01-10 00:26:35
3941004,01,811506,Geld storten en opnemen,Unavailable,True,2025-01-10 00:26:36
3941005,01,610386,Sealbag-automaat,Unavailable,False,2025-01-10 00:26:36
3951003,01,921025,Geldautomaat,Unavailable,False,2025-01-10 00:26:37
3956002,01,610130,Sealbag-automaat,Unavailable,False,2025-01-10 00:26:37
3956002,02,920500,Geldautomaat,Unavailable,False,2025-01-10 00:26:37
3958004,01,811047,Geld storten en opnemen,Unavailable,True,2025-01-10 00:26:38
3961001,01,810275,Geld storten en opnemen,Unavailable,True,2025-01-10 00:26:39
3961002,01,921259,Geldautomaat,Unavailable,False,2025-01-10 00:26:39
3961003,01,921976,Geldautomaat,Unavailable,False,2025-01-10 00:26:40
3961004,01,811378,Geld storten en opnemen,Unavailable,True,2025-01-10 00:26:40
3971001,01,930133,Geldautomaat,Unavailable,False,2025-01-10 00:26:41
3971005,01,810478,Geld storten en opnemen,Unavailable,True,2025-01-10 00:26:42
3972001,01,921936,Geldautomaat,Unavailable,False,2025-01-10 00:26:42
3981001,01,914635,Geldautomaat,Unavailable,False,2025-01-10 00:26:43
3981002,01,930192,Geldautomaat,Unavailable,False,2025-01-10 00:26:43
3984001,01,921036,Geldautomaat,Unavailable,False,2025-01-10 00:26:44
3991001,01,930172,Geldautomaat,Unavailable,False,2025-01-10 00:26:45
3995001,01,921616,Geldautomaat,Unavailable,False,2025-01-10 00:26:46
3995002,01,911111,Geldautomaat,Unavailable,False,2025-01-10 00:26:46
3995003,01,921617,Geldautomaat,Unavailable,False,2025-01-10 00:26:47
3995004,01,912344,Geldautomaat,Unavailable,False,2025-01-10 00:26:48
3995005,01,611150,Sealbag-automaat,Unavailable,False,2025-01-10 00:26:48
3995005,02,811976,Geld storten en opnemen,Unavailable,True,2025-01-10 00:26:48
3995008,01,811539,Geld storten en opnemen,Unavailable,True,2025-01-10 00:26:49
3998001,01,920021,Geldautomaat,Unavailable,False,2025-01-10 00:26:50
4001001,01,930102,Geldautomaat,Unavailable,False,2025-01-10 00:26:50
4001006,01,811662,Geld storten en opnemen,Unavailable,True,2025-01-10 00:26:51
4001007,01,920342,Geldautomaat,Unavailable,False,2025-01-10 00:26:51
4001007,02,611056,Sealbag-automaat,Unavailable,False,2025-01-10 00:26:51
4001007,03,811883,Geld storten en opnemen,Unavailable,True,2025-01-10 00:26:51
4003001,01,911178,Geldautomaat,Unavailable,False,2025-01-10 00:26:52
4007001,01,921313,Geldautomaat,Unavailable,False,2025-01-10 00:26:53
4007002,01,812618,Geld storten en opnemen,Unavailable,True,2025-01-10 00:26:53
4021002,01,920979,Geldautomaat,Unavailable,False,2025-01-10 00:26:54
4033001,01,911127,Geldautomaat,Unavailable,False,2025-01-10 00:26:54
4033003,01,812434,Geld storten en opnemen,Unavailable,True,2025-01-10 00:26:55
4041001,01,920007,Geldautomaat,Unavailable,False,2025-01-10 00:26:56
4043001,01,921598,Geldautomaat,Unavailable,False,2025-01-10 00:26:56
4043006,01,611345,Sealbag-automaat,Unavailable,False,2025-01-10 00:26:57
4043006,02,812412,Geld storten en opnemen,Unavailable,True,2025-01-10 00:26:57
4051001,01,920393,Geldautomaat,Unavailable,False,2025-01-10 00:26:57
4101001,01,930159,Geldautomaat,Unavailable,False,2025-01-10 00:26:58
4101004,01,811499,Geld storten en opnemen,Unavailable,True,2025-01-10 00:26:59
4101005,01,920754,Geldautomaat,Unavailable,False,2025-01-10 00:26:59
4101005,02,611094,Sealbag-automaat,Unavailable,False,2025-01-10 00:26:59
4102001,01,920759,Geldautomaat,Unavailable,False,2025-01-10 00:27:00
4102001,02,810283,Geld storten en opnemen,Unavailable,True,2025-01-10 00:27:00
4112001,01,920032,Geldautomaat,Unavailable,False,2025-01-10 00:27:00
4116001,01,920786,Geldautomaat,Unavailable,False,2025-01-10 00:27:01
4128001,01,920101,Geldautomaat,Unavailable,False,2025-01-10 00:27:02
4132001,01,810265,Geld storten en opnemen,Unavailable,True,2025-01-10 00:27:02
4132001,02,610216,Sealbag-automaat,Unavailable,False,2025-01-10 00:27:02
4132003,01,911839,Geldautomaat,Unavailable,False,2025-01-10 00:27:03
4133001,01,912895,Geldautomaat,Unavailable,False,2025-01-10 00:27:04
4141001,01,611481,Sealbag-automaat,Unavailable,False,2025-01-10 00:27:05
4141001,02,810532,Geld storten en opnemen,Unavailable,True,2025-01-10 00:27:05
4141002,01,921674,Geldautomaat,Unavailable,False,2025-01-10 00:27:05
4141007,01,811805,Geld storten en opnemen,Unavailable,True,2025-01-10 00:27:06
4142001,01,920702,Geldautomaat,Unavailable,False,2025-01-10 00:27:07
4145001,01,922013,Geldautomaat,Unavailable,False,2025-01-10 00:27:07
4147001,01,920238,Geldautomaat,Unavailable,False,2025-01-10 00:27:08
4153001,01,920034,Geldautomaat,Unavailable,False,2025-01-10 00:27:08
4158001,01,920123,Geldautomaat,Unavailable,False,2025-01-10 00:27:09
4161001,01,920003,Geldautomaat,Unavailable,False,2025-01-10 00:27:10
4171001,01,920047,Geldautomaat,Unavailable,False,2025-01-10 00:27:10
4175001,01,920378,Geldautomaat,Unavailable,False,2025-01-10 00:27:11
4181001,01,920394,Geldautomaat,Unavailable,False,2025-01-10 00:27:11
4191001,01,810166,Geld storten en opnemen,Unavailable,True,2025-01-10 00:27:12
4191001,02,610109,Sealbag-automaat,Unavailable,False,2025-01-10 00:27:12
4191002,01,921134,Geldautomaat,Unavailable,False,2025-01-10 00:27:13
4191003,01,921792,Geldautomaat,Unavailable,False,2025-01-10 00:27:13
4191006,01,811118,Geld storten en opnemen,Unavailable,True,2025-01-10 00:27:14
4201001,01,920632,Geldautomaat,Unavailable,False,2025-01-10 00:27:14
4201003,01,810491,Geld storten en opnemen,Unavailable,True,2025-01-10 00:27:15
4204001,01,921688,Geldautomaat,Unavailable,False,2025-01-10 00:27:15
4204002,01,920237,Geldautomaat,Unavailable,False,2025-01-10 00:27:16
4204003,01,812595,Geld storten en opnemen,Unavailable,True,2025-01-10 00:27:17
4204004,01,812675,Geld storten en opnemen,Unavailable,True,2025-01-10 00:27:17
4207001,01,911228,Geldautomaat,Unavailable,False,2025-01-10 00:27:18
4207002,01,920712,Geldautomaat,Unavailable,False,2025-01-10 00:27:18
4208001,01,921635,Geldautomaat,Unavailable,False,2025-01-10 00:27:19
4214001,01,920512,Geldautomaat,Unavailable,False,2025-01-10 00:27:20
4223001,01,920806,Geldautomaat,Unavailable,False,2025-01-10 00:27:20
4231001,01,920514,Geldautomaat,Unavailable,False,2025-01-10 00:27:21
4231001,02,610142,Sealbag-automaat,Unavailable,False,2025-01-10 00:27:21
4233001,01,920382,Geldautomaat,Unavailable,False,2025-01-10 00:27:21
4241001,01,920004,Geldautomaat,Unavailable,False,2025-01-10 00:27:22
4251001,01,921689,Geldautomaat,Unavailable,False,2025-01-10 00:27:23
4251003,01,913121,Geldautomaat,Unavailable,False,2025-01-10 00:27:23
4251003,02,811208,Geld storten en opnemen,Unavailable,True,2025-01-10 00:27:23
4251003,03,610702,Sealbag-automaat,Unavailable,False,2025-01-10 00:27:23
4254001,01,921937,Geldautomaat,Unavailable,False,2025-01-10 00:27:24
4255001,01,920383,Geldautomaat,Unavailable,False,2025-01-10 00:27:25
4261003,01,611022,Sealbag-automaat,Unavailable,False,2025-01-10 00:27:26
4261003,02,811763,Geld storten en opnemen,Unavailable,True,2025-01-10 00:27:26
4261003,03,920402,Geldautomaat,Unavailable,False,2025-01-10 00:27:26
4261004,01,812925,Geld storten en opnemen,Unavailable,True,2025-01-10 00:27:26
4264001,01,920480,Geldautomaat,Unavailable,False,2025-01-10 00:27:27
4265001,01,920057,Geldautomaat,Unavailable,False,2025-01-10 00:27:28
4271001,01,920346,Geldautomaat,Unavailable,False,2025-01-10 00:27:28
4273001,01,920852,Geldautomaat,Unavailable,False,2025-01-10 00:27:29
4281001,01,930004,Geldautomaat,Unavailable,False,2025-01-10 00:27:29
4284002,01,922006,Geldautomaat,Unavailable,False,2025-01-10 00:27:30
4285001,01,920347,Geldautomaat,Unavailable,False,2025-01-10 00:27:31
4286001,01,921810,Geldautomaat,Unavailable,False,2025-01-10 00:27:31
4286003,01,913100,Geldautomaat,Unavailable,False,2025-01-10 00:27:32
4286003,02,811061,Geld storten en opnemen,Unavailable,True,2025-01-10 00:27:32
4286003,03,610697,Sealbag-automaat,Unavailable,False,2025-01-10 00:27:32
4301001,01,921702,Geldautomaat,Unavailable,False,2025-01-10 00:27:32
4301006,01,920993,Geldautomaat,Unavailable,False,2025-01-10 00:27:33
4301006,02,610924,Sealbag-automaat,Unavailable,False,2025-01-10 00:27:33
4301007,01,921376,Geldautomaat,Unavailable,False,2025-01-10 00:27:34
4306001,01,920424,Geldautomaat,Unavailable,False,2025-01-10 00:27:34
4307001,01,920695,Geldautomaat,Unavailable,False,2025-01-10 00:27:35
4311001,01,921377,Geldautomaat,Unavailable,False,2025-01-10 00:27:35
4311003,01,812862,Geld storten en opnemen,Unavailable,True,2025-01-10 00:27:36
4318001,01,920996,Geldautomaat,Unavailable,False,2025-01-10 00:27:37
4322001,01,920340,Geldautomaat,Unavailable,False,2025-01-10 00:27:37
4325001,01,610056,Sealbag-automaat,Unavailable,False,2025-01-10 00:27:38
4325001,02,920966,Geldautomaat,Unavailable,False,2025-01-10 00:27:38
4328001,01,921159,Geldautomaat,Unavailable,False,2025-01-10 00:27:39
4328002,01,920721,Geldautomaat,Unavailable,False,2025-01-10 00:27:39
4328002,02,610582,Sealbag-automaat,Unavailable,False,2025-01-10 00:27:39
4331001,01,914677,Geldautomaat,Unavailable,False,2025-01-10 00:27:40
4331003,01,921364,Geldautomaat,Unavailable,False,2025-01-10 00:27:40
4331009,01,812043,Geld storten en opnemen,Unavailable,True,2025-01-10 00:27:42
4331010,01,920446,Geldautomaat,Unavailable,False,2025-01-10 00:27:42
4331010,02,812904,Geld storten en opnemen,Unavailable,True,2025-01-10 00:27:42
4331010,03,611452,Sealbag-automaat,Unavailable,False,2025-01-10 00:27:42
4331011,01,812906,Geld storten en opnemen,Unavailable,True,2025-01-10 00:27:43
4331011,02,812909,Geld storten en opnemen,Unavailable,True,2025-01-10 00:27:43
4331011,03,812907,Geld storten en opnemen,Unavailable,True,2025-01-10 00:27:43
4331011,04,812908,Geld storten en opnemen,Unavailable,True,2025-01-10 00:27:43
4331011,05,812905,Geld storten en opnemen,Unavailable,True,2025-01-10 00:27:43
4332001,01,921381,Geldautomaat,Unavailable,False,2025-01-10 00:27:43
4335001,01,812853,Geld storten en opnemen,Unavailable,True,2025-01-10 00:27:44
4336001,01,920683,Geldautomaat,Unavailable,False,2025-01-10 00:27:45
4337001,01,920728,Geldautomaat,Unavailable,False,2025-01-10 00:27:45
4337003,01,812467,Geld storten en opnemen,Unavailable,True,2025-01-10 00:27:46
4341001,01,920212,Geldautomaat,Unavailable,False,2025-01-10 00:27:46
4341001,02,812390,Geld storten en opnemen,Unavailable,True,2025-01-10 00:27:46
4341002,01,812705,Geld storten en opnemen,Unavailable,True,2025-01-10 00:27:47
4351001,01,810016,Geld storten en opnemen,Unavailable,True,2025-01-10 00:27:48
4353003,01,920689,Geldautomaat,Unavailable,False,2025-01-10 00:27:48
4354001,01,810017,Geld storten en opnemen,Unavailable,True,2025-01-10 00:27:49
4356001,01,920565,Geldautomaat,Unavailable,False,2025-01-10 00:27:49
4356001,02,610160,Sealbag-automaat,Unavailable,False,2025-01-10 00:27:49
4357001,01,921191,Geldautomaat,Unavailable,False,2025-01-10 00:27:50
4357004,01,813090,Geld storten en opnemen,Unavailable,True,2025-01-10 00:27:51
4361001,01,911856,Geldautomaat,Unavailable,False,2025-01-10 00:27:52
4361001,02,610221,Sealbag-automaat,Unavailable,False,2025-01-10 00:27:52
4371001,01,610129,Sealbag-automaat,Unavailable,False,2025-01-10 00:27:52
4371001,02,920566,Geldautomaat,Unavailable,False,2025-01-10 00:27:52
4374001,01,610013,Sealbag-automaat,Available,False,2025-01-10 00:27:53
4374001,02,920312,Geldautomaat,Unavailable,False,2025-01-10 00:27:53
4381001,01,610498,Sealbag-automaat,Unavailable,False,2025-01-10 00:27:54
4381001,02,810631,Geld storten en opnemen,Unavailable,True,2025-01-10 00:27:54
4381001,03,810630,Geld storten en opnemen,Unavailable,True,2025-01-10 00:27:54
4381003,01,921707,Geldautomaat,Unavailable,False,2025-01-10 00:27:55
4381006,01,811592,Geld storten en opnemen,Unavailable,True,2025-01-10 00:27:56
4383002,01,921402,Geldautomaat,Unavailable,False,2025-01-10 00:27:57
4384001,01,911174,Geldautomaat,Unavailable,False,2025-01-10 00:27:57
4384001,02,911175,Geldautomaat,Unavailable,False,2025-01-10 00:27:57
4388001,01,911736,Geldautomaat,Unavailable,False,2025-01-10 00:27:58
4388001,02,911737,Geldautomaat,Unavailable,False,2025-01-10 00:27:58
4388002,01,812844,Geld storten en opnemen,Unavailable,True,2025-01-10 00:27:59
4401001,01,610232,Sealbag-automaat,Unavailable,False,2025-01-10 00:27:59
4401001,02,810277,Geld storten en opnemen,Unavailable,True,2025-01-10 00:27:59
4401002,01,921698,Geldautomaat,Unavailable,False,2025-01-10 00:28:00
4411001,01,920526,Geldautomaat,Unavailable,False,2025-01-10 00:28:00
4413001,01,810188,Geld storten en opnemen,Unavailable,True,2025-01-10 00:28:01
4413002,01,812188,Geld storten en opnemen,Unavailable,True,2025-01-10 00:28:02
4416001,01,920573,Geldautomaat,Unavailable,False,2025-01-10 00:28:02
4417001,01,920529,Geldautomaat,Unavailable,False,2025-01-10 00:28:03
4421001,01,921850,Geldautomaat,Unavailable,False,2025-01-10 00:28:03
4421002,01,810187,Geld storten en opnemen,Unavailable,False,2025-01-10 00:28:04
4421005,01,812569,Geld storten en opnemen,Unavailable,True,2025-01-10 00:28:05
4424001,01,920574,Geldautomaat,Unavailable,False,2025-01-10 00:28:05
4431001,01,911134,Geldautomaat,Unavailable,False,2025-01-10 00:28:06
4441001,01,920744,Geldautomaat,Unavailable,False,2025-01-10 00:28:07
4451001,01,810789,Geld storten en opnemen,Unavailable,True,2025-01-10 00:28:07
4451001,02,610586,Sealbag-automaat,Unavailable,False,2025-01-10 00:28:07
4453001,01,920749,Geldautomaat,Unavailable,False,2025-01-10 00:28:08
4461001,01,812994,Geld storten en opnemen,Unavailable,True,2025-01-10 00:28:09
4461002,01,911457,Geldautomaat,Available,False,2025-01-10 00:28:10
4461003,01,921306,Geldautomaat,Unavailable,False,2025-01-10 00:28:10
4461004,01,610023,Sealbag-automaat,Unavailable,False,2025-01-10 00:28:11
4461004,02,920284,Geldautomaat,Unavailable,False,2025-01-10 00:28:11
4461008,01,811516,Geld storten en opnemen,Unavailable,True,2025-01-10 00:28:11
4462001,01,920696,Geldautomaat,Unavailable,False,2025-01-10 00:28:12
4463001,01,920775,Geldautomaat,Unavailable,False,2025-01-10 00:28:13
4463002,01,921312,Geldautomaat,Unavailable,False,2025-01-10 00:28:14
4471001,01,920783,Geldautomaat,Unavailable,False,2025-01-10 00:28:14
4484001,01,810028,Geld storten en opnemen,Unavailable,True,2025-01-10 00:28:15
4484001,02,611329,Sealbag-automaat,Unavailable,False,2025-01-10 00:28:15
4486001,01,920145,Geldautomaat,Unavailable,False,2025-01-10 00:28:16
4491001,01,920147,Geldautomaat,Unavailable,False,2025-01-10 00:28:16
4493001,01,810036,Geld storten en opnemen,Unavailable,True,2025-01-10 00:28:17
4493001,02,610709,Sealbag-automaat,Unavailable,False,2025-01-10 00:28:17
4501001,01,610157,Sealbag-automaat,Unavailable,False,2025-01-10 00:28:18
4501001,02,810212,Geld storten en opnemen,Unavailable,True,2025-01-10 00:28:18
4501002,01,921329,Geldautomaat,Unavailable,False,2025-01-10 00:28:18
4501003,01,811559,Geld storten en opnemen,Unavailable,True,2025-01-10 00:28:19
4506001,01,920576,Geldautomaat,Unavailable,False,2025-01-10 00:28:19
4511001,01,610577,Sealbag-automaat,Unavailable,False,2025-01-10 00:28:20
4511001,02,810769,Geld storten en opnemen,Unavailable,True,2025-01-10 00:28:20
4511002,01,912672,Geldautomaat,Unavailable,False,2025-01-10 00:28:21
4511004,01,812625,Geld storten en opnemen,Unavailable,True,2025-01-10 00:28:21
4515001,01,920451,Geldautomaat,Unavailable,False,2025-01-10 00:28:22
4524002,01,811181,Geld storten en opnemen,Unavailable,True,2025-01-10 00:28:23
4524004,01,611040,Sealbag-automaat,Unavailable,False,2025-01-10 00:28:23
4524004,02,920991,Geldautomaat,Unavailable,False,2025-01-10 00:28:23
4527001,01,920560,Geldautomaat,Unavailable,False,2025-01-10 00:28:24
4536001,01,913905,Geldautomaat,Unavailable,False,2025-01-10 00:28:24
4536002,01,921703,Geldautomaat,Unavailable,False,2025-01-10 00:28:25
4536003,01,911250,Geldautomaat,Unavailable,False,2025-01-10 00:28:26
4536005,01,812547,Geld storten en opnemen,Unavailable,True,2025-01-10 00:28:26
4536006,01,812891,Geld storten en opnemen,Unavailable,True,2025-01-10 00:28:27
4541001,01,920112,Geldautomaat,Unavailable,False,2025-01-10 00:28:27
4542001,01,920717,Geldautomaat,Unavailable,False,2025-01-10 00:28:28
4543001,01,911205,Geldautomaat,Unavailable,False,2025-01-10 00:28:29
4551003,01,920549,Geldautomaat,Unavailable,False,2025-01-10 00:28:29
4551005,01,930138,Geldautomaat,Unavailable,False,2025-01-10 00:28:30
4561001,01,810186,Geld storten en opnemen,Unavailable,True,2025-01-10 00:28:30
4561002,01,610736,Sealbag-automaat,Unavailable,False,2025-01-10 00:28:31
4561002,02,920397,Geldautomaat,Unavailable,False,2025-01-10 00:28:31
4561003,01,921849,Geldautomaat,Unavailable,False,2025-01-10 00:28:32
4561004,01,811331,Geld storten en opnemen,Unavailable,False,2025-01-10 00:28:32
4564001,01,911204,Geldautomaat,Unavailable,False,2025-01-10 00:28:33
4569001,01,811752,Geld storten en opnemen,Unavailable,True,2025-01-10 00:28:33
4571002,01,921230,Geldautomaat,Unavailable,False,2025-01-10 00:28:35
4571003,01,810117,Geld storten en opnemen,Unavailable,True,2025-01-10 00:28:35
4571003,02,610052,Sealbag-automaat,Unavailable,False,2025-01-10 00:28:35
4576001,01,920770,Geldautomaat,Unavailable,False,2025-01-10 00:28:36
4611001,01,920946,Geldautomaat,Unavailable,False,2025-01-10 00:28:37
4611001,02,920934,Geldautomaat,Unavailable,False,2025-01-10 00:28:37
4611005,01,810447,Geld storten en opnemen,Unavailable,True,2025-01-10 00:28:38
4611006,01,611398,Sealbag-automaat,Unavailable,False,2025-01-10 00:28:38
4611006,02,920452,Geldautomaat,Unavailable,False,2025-01-10 00:28:38
4614001,01,810946,Geld storten en opnemen,Unavailable,True,2025-01-10 00:28:39
4614002,01,911238,Geldautomaat,Unavailable,False,2025-01-10 00:28:40
4615001,01,921322,Geldautomaat,Unavailable,False,2025-01-10 00:28:40
4615002,01,921353,Geldautomaat,Unavailable,False,2025-01-10 00:28:41
4617001,01,920971,Geldautomaat,Unavailable,False,2025-01-10 00:28:41
4624001,01,914727,Geldautomaat,Unavailable,False,2025-01-10 00:28:43
4624002,01,921839,Geldautomaat,Unavailable,False,2025-01-10 00:28:43
4624003,01,812440,Geld storten en opnemen,Unavailable,True,2025-01-10 00:28:44
4631002,01,813285,Geld storten en opnemen,Unavailable,True,2025-01-10 00:28:45
4631002,02,610031,Sealbag-automaat,Unavailable,False,2025-01-10 00:28:45
4631003,01,921089,Geldautomaat,Unavailable,False,2025-01-10 00:28:46
4631005,01,811330,Geld storten en opnemen,Unavailable,True,2025-01-10 00:28:46
4635002,01,813081,Geld storten en opnemen,Unavailable,True,2025-01-10 00:28:47
4641001,01,920449,Geldautomaat,Unavailable,False,2025-01-10 00:28:48
4645001,01,921102,Geldautomaat,Unavailable,False,2025-01-10 00:28:48
4645002,01,810037,Geld storten en opnemen,Unavailable,True,2025-01-10 00:28:49
4651002,01,610200,Sealbag-automaat,Unavailable,False,2025-01-10 00:28:50
4651003,01,921315,Geldautomaat,Unavailable,False,2025-01-10 00:28:51
4651004,01,920874,Geldautomaat,Unavailable,False,2025-01-10 00:28:51
4651005,01,811038,Geld storten en opnemen,Unavailable,True,2025-01-10 00:28:52
4661001,01,810178,Geld storten en opnemen,Unavailable,True,2025-01-10 00:28:53
4661001,02,610120,Sealbag-automaat,Unavailable,False,2025-01-10 00:28:53
4661002,01,921841,Geldautomaat,Unavailable,False,2025-01-10 00:28:54
4661003,01,811329,Geld storten en opnemen,Unavailable,True,2025-01-10 00:28:54
4664001,01,920805,Geldautomaat,Unavailable,False,2025-01-10 00:28:55
4671001,01,921379,Geldautomaat,Unavailable,False,2025-01-10 00:28:55
4671002,01,810011,Geld storten en opnemen,Unavailable,True,2025-01-10 00:28:56
4675001,01,920811,Geldautomaat,Unavailable,False,2025-01-10 00:28:57
4681001,01,912968,Geldautomaat,Unavailable,False,2025-01-10 00:28:57
4691002,01,921229,Geldautomaat,Unavailable,False,2025-01-10 00:28:58
4691005,01,611116,Sealbag-automaat,Unavailable,False,2025-01-10 00:28:59
4691005,02,811939,Geld storten en opnemen,Unavailable,True,2025-01-10 00:28:59
4695001,01,921000,Geldautomaat,Unavailable,False,2025-01-10 00:28:59
4695001,02,610190,Sealbag-automaat,Unavailable,False,2025-01-10 00:28:59
4697001,01,810255,Geld storten en opnemen,Unavailable,True,2025-01-10 00:29:00
4698001,01,920738,Geldautomaat,Unavailable,False,2025-01-10 00:29:01
4701004,01,914792,Geldautomaat,Unavailable,False,2025-01-10 00:29:02
4701004,02,914192,Geldautomaat,Unavailable,False,2025-01-10 00:29:02
4701005,01,811569,Geld storten en opnemen,Unavailable,True,2025-01-10 00:29:02
4701006,01,812417,Geld storten en opnemen,Unavailable,False,2025-01-10 00:29:03
4701006,02,611351,Sealbag-automaat,Unavailable,False,2025-01-10 00:29:03
4702001,01,921320,Geldautomaat,Unavailable,False,2025-01-10 00:29:03
4702002,01,920267,Geldautomaat,Unavailable,False,2025-01-10 00:29:04
4706001,01,920981,Geldautomaat,Unavailable,False,2025-01-10 00:29:05
4706002,01,811239,Geld storten en opnemen,Unavailable,True,2025-01-10 00:29:05
4706003,01,912747,Geldautomaat,Unavailable,False,2025-01-10 00:29:06
4707001,01,812195,Geld storten en opnemen,Unavailable,True,2025-01-10 00:29:06
4708001,01,930182,Geldautomaat,Unavailable,False,2025-01-10 00:29:07
4708002,01,911337,Geldautomaat,Unavailable,False,2025-01-10 00:29:08
4709001,01,920739,Geldautomaat,Unavailable,False,2025-01-10 00:29:08
4711002,01,810104,Geld storten en opnemen,Unavailable,True,2025-01-10 00:29:09
4711002,02,911488,Geldautomaat,Unavailable,False,2025-01-10 00:29:09
4711002,03,610036,Sealbag-automaat,Unavailable,False,2025-01-10 00:29:09
4714001,01,920937,Geldautomaat,Unavailable,False,2025-01-10 00:29:09
4715001,01,921002,Geldautomaat,Unavailable,False,2025-01-10 00:29:10
4721001,01,920115,Geldautomaat,Unavailable,False,2025-01-10 00:29:11
4724001,01,920450,Geldautomaat,Unavailable,False,2025-01-10 00:29:11
4724001,02,610223,Sealbag-automaat,Unavailable,False,2025-01-10 00:29:11
4731001,01,610162,Sealbag-automaat,Unavailable,False,2025-01-10 00:29:13
4731001,02,810220,Geld storten en opnemen,Unavailable,True,2025-01-10 00:29:13
4731002,01,921428,Geldautomaat,Unavailable,False,2025-01-10 00:29:13
4731003,01,811353,Geld storten en opnemen,Unavailable,True,2025-01-10 00:29:14
4735001,01,920418,Geldautomaat,Unavailable,False,2025-01-10 00:29:14
4735002,01,921432,Geldautomaat,Unavailable,False,2025-01-10 00:29:15
4741001,01,921889,Geldautomaat,Unavailable,False,2025-01-10 00:29:16
4741002,01,920935,Geldautomaat,Unavailable,False,2025-01-10 00:29:16
4751003,01,811988,Geld storten en opnemen,Unavailable,True,2025-01-10 00:29:17
4756001,01,920266,Geldautomaat,Unavailable,False,2025-01-10 00:29:17
4758001,01,920129,Geldautomaat,Unavailable,False,2025-01-10 00:29:18
4761002,01,921890,Geldautomaat,Unavailable,False,2025-01-10 00:29:19
4761006,01,812118,Geld storten en opnemen,Unavailable,True,2025-01-10 00:29:19
4791001,01,921858,Geldautomaat,Unavailable,False,2025-01-10 00:29:20
4791003,01,812570,Geld storten en opnemen,Unavailable,True,2025-01-10 00:29:21
4793001,01,920295,Geldautomaat,Unavailable,False,2025-01-10 00:29:22
4797001,01,920876,Geldautomaat,Unavailable,False,2025-01-10 00:29:22
4811001,01,610028,Sealbag-automaat,Unavailable,False,2025-01-10 00:29:23
4811001,02,810093,Geld storten en opnemen,Unavailable,True,2025-01-10 00:29:23
4811001,03,811799,Geld storten en opnemen,Available,True,2025-01-10 00:29:23
4811002,01,811800,Geld storten en opnemen,Unavailable,True,2025-01-10 00:29:24
4811002,02,913718,Geldautomaat,Unavailable,False,2025-01-10 00:29:24
4811002,03,913719,Geldautomaat,Unavailable,False,2025-01-10 00:29:24
4811002,04,610029,Sealbag-automaat,Unavailable,False,2025-01-10 00:29:24
4811003,01,921410,Geldautomaat,Unavailable,False,2025-01-10 00:29:24
4811004,01,921462,Geldautomaat,Unavailable,False,2025-01-10 00:29:25
4811005,01,921496,Geldautomaat,Unavailable,False,2025-01-10 00:29:25
4811007,01,913891,Geldautomaat,Unavailable,False,2025-01-10 00:29:26
4811012,01,811494,Geld storten en opnemen,Unavailable,True,2025-01-10 00:29:27
4812001,01,920778,Geldautomaat,Unavailable,False,2025-01-10 00:29:27
4813001,01,921140,Geldautomaat,Unavailable,False,2025-01-10 00:29:28
4813002,01,920751,Geldautomaat,Unavailable,False,2025-01-10 00:29:28
4814002,01,920518,Geldautomaat,Unavailable,False,2025-01-10 00:29:29
4815002,01,921862,Geldautomaat,Unavailable,False,2025-01-10 00:29:30
4817002,01,921847,Geldautomaat,Unavailable,False,2025-01-10 00:29:30
4817003,01,921125,Geldautomaat,Unavailable,False,2025-01-10 00:29:31
4818001,01,920625,Geldautomaat,Unavailable,False,2025-01-10 00:29:31
4818002,01,921498,Geldautomaat,Unavailable,False,2025-01-10 00:29:32
4822002,01,812119,Geld storten en opnemen,Unavailable,True,2025-01-10 00:29:33
4823001,01,810302,Geld storten en opnemen,Unavailable,True,2025-01-10 00:29:33
4823002,01,921678,Geldautomaat,Unavailable,False,2025-01-10 00:29:34
4824001,01,920752,Geldautomaat,Unavailable,False,2025-01-10 00:29:34
4826001,01,810131,Geld storten en opnemen,Unavailable,True,2025-01-10 00:29:35
4826001,02,812664,Geld storten en opnemen,Unavailable,True,2025-01-10 00:29:35
4826002,01,921506,Geldautomaat,Unavailable,False,2025-01-10 00:29:36
4834001,01,913944,Geldautomaat,Unavailable,False,2025-01-10 00:29:36
4834002,01,921667,Geldautomaat,Unavailable,False,2025-01-10 00:29:37
4834003,01,610237,Sealbag-automaat,Unavailable,False,2025-01-10 00:29:37
4834003,02,812402,Geld storten en opnemen,Unavailable,True,2025-01-10 00:29:37
4834003,03,920686,Geldautomaat,Unavailable,False,2025-01-10 00:29:37
4835001,01,810053,Geld storten en opnemen,Unavailable,False,2025-01-10 00:29:38
4835003,01,921507,Geldautomaat,Unavailable,False,2025-01-10 00:29:39
4835004,01,811689,Geld storten en opnemen,Unavailable,True,2025-01-10 00:29:39
4841002,01,930125,Geldautomaat,Unavailable,False,2025-01-10 00:29:40
4841003,01,921005,Geldautomaat,Unavailable,False,2025-01-10 00:29:41
4841003,02,611044,Sealbag-automaat,Unavailable,False,2025-01-10 00:29:41
4844001,01,811856,Geld storten en opnemen,Unavailable,True,2025-01-10 00:29:41
4845001,01,920128,Geldautomaat,Unavailable,False,2025-01-10 00:29:42
4849001,01,920097,Geldautomaat,Unavailable,False,2025-01-10 00:29:42
4854001,01,921879,Geldautomaat,Unavailable,False,2025-01-10 00:29:43
4854004,01,812557,Geld storten en opnemen,Unavailable,True,2025-01-10 00:29:43
4861002,01,920777,Geldautomaat,Unavailable,False,2025-01-10 00:29:44
4861003,01,812411,Geld storten en opnemen,Unavailable,True,2025-01-10 00:29:45
4871001,01,920868,Geldautomaat,Unavailable,False,2025-01-10 00:29:45
4872003,01,810487,Geld storten en opnemen,Unavailable,True,2025-01-10 00:29:46
4872004,01,920939,Geldautomaat,Unavailable,False,2025-01-10 00:29:46
4873001,01,921577,Geldautomaat,Unavailable,False,2025-01-10 00:29:47
4875001,01,812303,Geld storten en opnemen,Unavailable,True,2025-01-10 00:29:48
4875001,02,611267,Sealbag-automaat,Unavailable,False,2025-01-10 00:29:48
4881002,01,921579,Geldautomaat,Unavailable,False,2025-01-10 00:29:48
4881003,01,811386,Geld storten en opnemen,Unavailable,True,2025-01-10 00:29:49
4885001,01,920114,Geldautomaat,Unavailable,False,2025-01-10 00:29:50
4891001,01,920297,Geldautomaat,Unavailable,False,2025-01-10 00:29:50
4891001,02,610328,Sealbag-automaat,Unavailable,False,2025-01-10 00:29:50
4901001,01,811841,Geld storten en opnemen,Unavailable,True,2025-01-10 00:29:51
4901002,01,921515,Geldautomaat,Unavailable,False,2025-01-10 00:29:51
4901007,01,810576,Geld storten en opnemen,Unavailable,True,2025-01-10 00:29:52
4901010,01,812672,Geld storten en opnemen,Unavailable,True,2025-01-10 00:29:52
4904001,01,921516,Geldautomaat,Unavailable,False,2025-01-10 00:29:53
4904002,01,920853,Geldautomaat,Unavailable,False,2025-01-10 00:29:54
4906002,01,812436,Geld storten en opnemen,Unavailable,True,2025-01-10 00:29:54
4907002,01,921629,Geldautomaat,Unavailable,False,2025-01-10 00:29:55
4907003,01,813077,Geld storten en opnemen,Unavailable,True,2025-01-10 00:29:55
4907003,02,611489,Sealbag-automaat,Unavailable,False,2025-01-10 00:29:55
4921001,01,921632,Geldautomaat,Unavailable,False,2025-01-10 00:29:56
4921002,01,610701,Sealbag-automaat,Unavailable,False,2025-01-10 00:29:57
4921002,02,921039,Geldautomaat,Unavailable,False,2025-01-10 00:29:57
4921005,01,812189,Geld storten en opnemen,Unavailable,True,2025-01-10 00:29:57
4926001,01,920419,Geldautomaat,Unavailable,False,2025-01-10 00:29:58
4931001,01,920911,Geldautomaat,Unavailable,False,2025-01-10 00:29:58
4941002,01,813142,Geld storten en opnemen,Unavailable,True,2025-01-10 00:30:00
4941002,02,610035,Sealbag-automaat,Unavailable,False,2025-01-10 00:30:00
4941004,01,812470,Geld storten en opnemen,Unavailable,True,2025-01-10 00:30:00
5011001,01,811853,Geld storten en opnemen,Unavailable,True,2025-01-10 00:30:01
5011002,01,921580,Geldautomaat,Unavailable,False,2025-01-10 00:30:01
5011003,01,920292,Geldautomaat,Unavailable,False,2025-01-10 00:30:02
5011004,01,811391,Geld storten en opnemen,Unavailable,True,2025-01-10 00:30:03
5011005,01,812804,Geld storten en opnemen,Unavailable,True,2025-01-10 00:30:03
5014001,01,812598,Geld storten en opnemen,Unavailable,True,2025-01-10 00:30:04
5021002,01,812072,Geld storten en opnemen,Unavailable,True,2025-01-10 00:30:04
5025001,01,921345,Geldautomaat,Unavailable,False,2025-01-10 00:30:05
5032001,01,913821,Geldautomaat,Unavailable,False,2025-01-10 00:30:06
5035001,01,921581,Geldautomaat,Unavailable,False,2025-01-10 00:30:06
5035002,01,911012,Geldautomaat,Unavailable,False,2025-01-10 00:30:07
5037001,01,914631,Geldautomaat,Unavailable,False,2025-01-10 00:30:08
5037002,01,930131,Geldautomaat,Unavailable,False,2025-01-10 00:30:08
5038001,01,912456,Geldautomaat,Unavailable,False,2025-01-10 00:30:09
5038001,02,912455,Geldautomaat,Unavailable,False,2025-01-10 00:30:09
5038003,01,921392,Geldautomaat,Unavailable,False,2025-01-10 00:30:10
5038009,01,812800,Geld storten en opnemen,Unavailable,True,2025-01-10 00:30:11
5038009,02,611425,Sealbag-automaat,Unavailable,False,2025-01-10 00:30:11
5038010,01,812759,Geld storten en opnemen,Unavailable,True,2025-01-10 00:30:12
5038010,02,812757,Geld storten en opnemen,Unavailable,True,2025-01-10 00:30:12
5038010,03,812758,Geld storten en opnemen,Unavailable,True,2025-01-10 00:30:12
5038010,04,812760,Geld storten en opnemen,Unavailable,True,2025-01-10 00:30:12
5038010,05,812761,Geld storten en opnemen,Unavailable,True,2025-01-10 00:30:12
5041001,01,921187,Geldautomaat,Unavailable,False,2025-01-10 00:30:13
5041001,02,921148,Geldautomaat,Unavailable,False,2025-01-10 00:30:13
5041002,01,930082,Geldautomaat,Unavailable,False,2025-01-10 00:30:13
5042001,01,810899,Geld storten en opnemen,Unavailable,True,2025-01-10 00:30:14
5042001,02,610616,Sealbag-automaat,Unavailable,False,2025-01-10 00:30:14
5042001,03,810898,Geld storten en opnemen,Unavailable,False,2025-01-10 00:30:14
5042002,01,921175,Geldautomaat,Unavailable,False,2025-01-10 00:30:14
5043001,01,911492,Geldautomaat,Unavailable,False,2025-01-10 00:30:15
5043001,02,810107,Geld storten en opnemen,Unavailable,True,2025-01-10 00:30:15
5043001,03,610039,Sealbag-automaat,Unavailable,False,2025-01-10 00:30:15
5043002,01,921769,Geldautomaat,Unavailable,False,2025-01-10 00:30:16
5043005,01,811447,Geld storten en opnemen,Unavailable,True,2025-01-10 00:30:16
5044001,01,921208,Geldautomaat,Unavailable,False,2025-01-10 00:30:17
5051002,01,921206,Geldautomaat,Unavailable,False,2025-01-10 00:30:18
5051003,01,921107,Geldautomaat,Unavailable,False,2025-01-10 00:30:19
5051005,01,811969,Geld storten en opnemen,Unavailable,True,2025-01-10 00:30:19
5051005,02,611145,Sealbag-automaat,Unavailable,False,2025-01-10 00:30:19
5051006,01,812566,Geld storten en opnemen,Unavailable,True,2025-01-10 00:30:20
5056004,01,914420,Geldautomaat,Unavailable,False,2025-01-10 00:30:20
5056004,02,610932,Sealbag-automaat,Unavailable,False,2025-01-10 00:30:20
5057001,01,921120,Geldautomaat,Unavailable,False,2025-01-10 00:30:21
5061001,01,921331,Geldautomaat,Unavailable,False,2025-01-10 00:30:22
5061004,01,811558,Geld storten en opnemen,Available,True,2025-01-10 00:30:22
5061005,01,813082,Geld storten en opnemen,Unavailable,True,2025-01-10 00:30:23
5061005,02,611490,Sealbag-automaat,Unavailable,False,2025-01-10 00:30:23
5066001,01,811150,Geld storten en opnemen,Unavailable,True,2025-01-10 00:30:23
5066002,01,920983,Geldautomaat,Unavailable,False,2025-01-10 00:30:24
5071001,01,810106,Geld storten en opnemen,Unavailable,True,2025-01-10 00:30:25
5071001,02,610037,Sealbag-automaat,Unavailable,False,2025-01-10 00:30:25
5071001,03,911490,Geldautomaat,Unavailable,False,2025-01-10 00:30:25
5076001,01,921181,Geldautomaat,Unavailable,False,2025-01-10 00:30:25
5081002,01,921281,Geldautomaat,Unavailable,False,2025-01-10 00:30:26
5081005,01,811709,Geld storten en opnemen,Unavailable,True,2025-01-10 00:30:26
5091001,01,920294,Geldautomaat,Unavailable,False,2025-01-10 00:30:27
5094001,01,920381,Geldautomaat,Unavailable,False,2025-01-10 00:30:28
5104002,01,810155,Geld storten en opnemen,Unavailable,True,2025-01-10 00:30:28
5104002,02,610094,Sealbag-automaat,Unavailable,False,2025-01-10 00:30:28
5104003,01,921286,Geldautomaat,Unavailable,False,2025-01-10 00:30:29
5104007,01,812090,Geld storten en opnemen,Unavailable,True,2025-01-10 00:30:29
5104008,01,812175,Geld storten en opnemen,Unavailable,True,2025-01-10 00:30:30
5109001,01,910099,Geldautomaat,Unavailable,False,2025-01-10 00:30:31
5111001,01,810135,Geld storten en opnemen,Unavailable,True,2025-01-10 00:30:31
5111001,02,610071,Sealbag-automaat,Unavailable,False,2025-01-10 00:30:31
5111002,01,921641,Geldautomaat,Unavailable,False,2025-01-10 00:30:32
5111003,01,811071,Geld storten en opnemen,Unavailable,True,2025-01-10 00:30:32
5113001,01,922016,Geldautomaat,Unavailable,False,2025-01-10 00:30:33
5121001,01,810224,Geld storten en opnemen,Unavailable,True,2025-01-10 00:30:34
5121001,02,911782,Geldautomaat,Unavailable,False,2025-01-10 00:30:34
5121001,03,610174,Sealbag-automaat,Unavailable,False,2025-01-10 00:30:34
5121002,01,921642,Geldautomaat,Unavailable,False,2025-01-10 00:30:34
5126003,01,811880,Geld storten en opnemen,Unavailable,True,2025-01-10 00:30:35
5131001,01,920095,Geldautomaat,Unavailable,False,2025-01-10 00:30:35
5133001,01,920437,Geldautomaat,Unavailable,False,2025-01-10 00:30:36
5141001,01,921622,Geldautomaat,Unavailable,False,2025-01-10 00:30:37
5141002,01,912496,Geldautomaat,Unavailable,False,2025-01-10 00:30:37
5141003,01,611016,Sealbag-automaat,Unavailable,False,2025-01-10 00:30:38
5141003,02,811761,Geld storten en opnemen,Unavailable,True,2025-01-10 00:30:38
5141006,01,811595,Geld storten en opnemen,Unavailable,True,2025-01-10 00:30:38
5143002,01,920495,Geldautomaat,Unavailable,False,2025-01-10 00:30:39
5144002,01,920494,Geldautomaat,Unavailable,False,2025-01-10 00:30:40
5151001,01,810777,Geld storten en opnemen,Unavailable,True,2025-01-10 00:30:40
5151001,02,610584,Sealbag-automaat,Unavailable,False,2025-01-10 00:30:40
5151003,01,921602,Geldautomaat,Unavailable,False,2025-01-10 00:30:41
5161001,01,920438,Geldautomaat,Unavailable,False,2025-01-10 00:30:41
5165001,01,920504,Geldautomaat,Unavailable,False,2025-01-10 00:30:42
5171004,01,930095,Geldautomaat,Unavailable,False,2025-01-10 00:30:42
5171005,01,811333,Geld storten en opnemen,Unavailable,True,2025-01-10 00:30:43
5171007,01,920491,Geldautomaat,Unavailable,False,2025-01-10 00:30:44
5171007,02,611257,Sealbag-automaat,Unavailable,False,2025-01-10 00:30:44
5171008,01,812714,Geld storten en opnemen,Unavailable,True,2025-01-10 00:30:44
5175001,01,910334,Geldautomaat,Unavailable,False,2025-01-10 00:30:45
5175002,01,812671,Geld storten en opnemen,Unavailable,True,2025-01-10 00:30:46
5211001,01,611465,Sealbag-automaat,Unavailable,False,2025-01-10 00:30:46
5211001,02,811809,Geld storten en opnemen,Available,True,2025-01-10 00:30:46
5211001,03,913929,Geldautomaat,Unavailable,False,2025-01-10 00:30:46
5211001,04,913930,Geldautomaat,Unavailable,False,2025-01-10 00:30:46
5211002,01,811850,Geld storten en opnemen,Unavailable,True,2025-01-10 00:30:47
5211003,01,921607,Geldautomaat,Unavailable,False,2025-01-10 00:30:47
5211004,01,921253,Geldautomaat,Unavailable,False,2025-01-10 00:30:48
5211009,01,811570,Geld storten en opnemen,Unavailable,True,2025-01-10 00:30:49
5211010,01,611461,Sealbag-automaat,Unavailable,False,2025-01-10 00:30:50
5211010,02,812957,Geld storten en opnemen,Unavailable,True,2025-01-10 00:30:50
5211010,03,930045,Geldautomaat,Unavailable,False,2025-01-10 00:30:50
5211012,01,812962,Geld storten en opnemen,Unavailable,True,2025-01-10 00:30:50
5211012,02,812960,Geld storten en opnemen,Unavailable,True,2025-01-10 00:30:50
5211012,03,812958,Geld storten en opnemen,Unavailable,True,2025-01-10 00:30:50
5211012,04,812959,Geld storten en opnemen,Unavailable,True,2025-01-10 00:30:50
5211012,05,812961,Geld storten en opnemen,Unavailable,True,2025-01-10 00:30:50
5212001,01,921292,Geldautomaat,Unavailable,False,2025-01-10 00:30:51
5213001,01,921620,Geldautomaat,Unavailable,False,2025-01-10 00:30:51
5215001,01,920622,Geldautomaat,Unavailable,False,2025-01-10 00:30:53
5216001,01,920546,Geldautomaat,Unavailable,False,2025-01-10 00:30:53
5223001,01,920628,Geldautomaat,Unavailable,False,2025-01-10 00:30:54
5224001,01,921770,Geldautomaat,Unavailable,False,2025-01-10 00:30:55
5224002,01,920919,Geldautomaat,Unavailable,False,2025-01-10 00:30:56
5224002,02,610256,Sealbag-automaat,Unavailable,False,2025-01-10 00:30:56
5224002,03,811248,Geld storten en opnemen,Unavailable,True,2025-01-10 00:30:56
5224005,01,811003,Geld storten en opnemen,Unavailable,True,2025-01-10 00:30:56
5233001,01,921565,Geldautomaat,Unavailable,False,2025-01-10 00:30:57
5233002,01,920732,Geldautomaat,Unavailable,False,2025-01-10 00:30:57
5235001,01,921575,Geldautomaat,Unavailable,False,2025-01-10 00:30:58
5235002,01,811271,Geld storten en opnemen,Unavailable,True,2025-01-10 00:30:59
5236002,01,922012,Geldautomaat,Unavailable,False,2025-01-10 00:30:59
5241004,01,810596,Geld storten en opnemen,Unavailable,True,2025-01-10 00:31:00
5241005,01,810595,Geld storten en opnemen,Unavailable,True,2025-01-10 00:31:00
5241006,01,813061,Geld storten en opnemen,Unavailable,False,2025-01-10 00:31:01
5242001,01,921807,Geldautomaat,Unavailable,False,2025-01-10 00:31:02
5242002,01,611470,Sealbag-automaat,Unavailable,False,2025-01-10 00:31:02
5242002,02,920470,Geldautomaat,Unavailable,False,2025-01-10 00:31:02
5245001,01,921704,Geldautomaat,Unavailable,False,2025-01-10 00:31:03
5246001,01,920611,Geldautomaat,Unavailable,False,2025-01-10 00:31:03
5251001,01,920553,Geldautomaat,Unavailable,False,2025-01-10 00:31:04
5251001,02,610606,Sealbag-automaat,Unavailable,False,2025-01-10 00:31:04
5251002,01,811202,Geld storten en opnemen,Unavailable,True,2025-01-10 00:31:05
5251003,01,913111,Geldautomaat,Unavailable,False,2025-01-10 00:31:05
5256001,01,920645,Geldautomaat,Unavailable,False,2025-01-10 00:31:06
5256001,02,610125,Sealbag-automaat,Unavailable,False,2025-01-10 00:31:06
5258001,01,610080,Sealbag-automaat,Unavailable,False,2025-01-10 00:31:06
5258001,02,920503,Geldautomaat,Unavailable,False,2025-01-10 00:31:06
5261001,01,610499,Sealbag-automaat,Unavailable,False,2025-01-10 00:31:07
5261001,02,810632,Geld storten en opnemen,Unavailable,True,2025-01-10 00:31:07
5261003,01,930119,Geldautomaat,Unavailable,False,2025-01-10 00:31:08
5262001,01,810014,Geld storten en opnemen,Unavailable,True,2025-01-10 00:31:09
5262001,02,920657,Geldautomaat,Unavailable,False,2025-01-10 00:31:09
5268001,01,610124,Sealbag-automaat,Unavailable,False,2025-01-10 00:31:10
5268001,02,921004,Geldautomaat,Unavailable,False,2025-01-10 00:31:10
5271001,01,921453,Geldautomaat,Unavailable,False,2025-01-10 00:31:11
5271003,01,811727,Geld storten en opnemen,Unavailable,True,2025-01-10 00:31:11
5271003,02,611010,Sealbag-automaat,Unavailable,False,2025-01-10 00:31:11
5271003,03,913688,Geldautomaat,Unavailable,False,2025-01-10 00:31:11
5275001,01,920242,Geldautomaat,Unavailable,False,2025-01-10 00:31:12
5281001,01,810147,Geld storten en opnemen,Unavailable,True,2025-01-10 00:31:12
5281002,01,921582,Geldautomaat,Unavailable,False,2025-01-10 00:31:13
5281004,01,811089,Geld storten en opnemen,Unavailable,True,2025-01-10 00:31:14
5298001,01,910431,Geldautomaat,Unavailable,False,2025-01-10 00:31:15
5301001,01,921746,Geldautomaat,Unavailable,False,2025-01-10 00:31:15
5301002,01,611340,Sealbag-automaat,Unavailable,False,2025-01-10 00:31:16
5301002,02,921024,Geldautomaat,Unavailable,False,2025-01-10 00:31:16
5301004,01,811380,Geld storten en opnemen,Unavailable,True,2025-01-10 00:31:16
5302001,01,812454,Geld storten en opnemen,Unavailable,True,2025-01-10 00:31:17
5306001,01,920463,Geldautomaat,Unavailable,False,2025-01-10 00:31:18
5306001,02,610046,Sealbag-automaat,Unavailable,False,2025-01-10 00:31:18
5308001,01,920552,Geldautomaat,Unavailable,False,2025-01-10 00:31:18
5317001,01,920055,Geldautomaat,Unavailable,False,2025-01-10 00:31:19
5321001,01,920210,Geldautomaat,Unavailable,False,2025-01-10 00:31:19
5324001,01,610051,Sealbag-automaat,Unavailable,False,2025-01-10 00:31:20
5324001,02,920606,Geldautomaat,Unavailable,False,2025-01-10 00:31:20
5328001,01,920352,Geldautomaat,Unavailable,False,2025-01-10 00:31:21
5331001,01,811417,Geld storten en opnemen,Unavailable,True,2025-01-10 00:31:21
5331003,01,611469,Sealbag-automaat,Unavailable,False,2025-01-10 00:31:22
5331003,02,920950,Geldautomaat,Unavailable,False,2025-01-10 00:31:22
5341001,01,921066,Geldautomaat,Unavailable,False,2025-01-10 00:31:22
5341002,01,910027,Geldautomaat,Unavailable,False,2025-01-10 00:31:23
5341006,01,920968,Geldautomaat,Unavailable,False,2025-01-10 00:31:24
5341006,02,611194,Sealbag-automaat,Unavailable,False,2025-01-10 00:31:24
5341008,01,812448,Geld storten en opnemen,Unavailable,True,2025-01-10 00:31:24
5342001,01,812508,Geld storten en opnemen,Unavailable,False,2025-01-10 00:31:25
5342001,02,911990,Geldautomaat,Unavailable,False,2025-01-10 00:31:25
5344001,01,921072,Geldautomaat,Unavailable,False,2025-01-10 00:31:25
5344002,01,920102,Geldautomaat,Unavailable,False,2025-01-10 00:31:26
5344002,02,920103,Geldautomaat,Unavailable,False,2025-01-10 00:31:26
5345002,01,920261,Geldautomaat,Unavailable,False,2025-01-10 00:31:27
5345002,02,920260,Geldautomaat,Unavailable,False,2025-01-10 00:31:27
5345004,01,812711,Geld storten en opnemen,Unavailable,True,2025-01-10 00:31:28
5351001,01,921307,Geldautomaat,Unavailable,False,2025-01-10 00:31:28
5351002,01,921012,Geldautomaat,Unavailable,False,2025-01-10 00:31:29
5361001,01,921771,Geldautomaat,Unavailable,False,2025-01-10 00:31:30
5361003,01,811125,Geld storten en opnemen,Unavailable,True,2025-01-10 00:31:30
5368001,01,812187,Geld storten en opnemen,Unavailable,True,2025-01-10 00:31:31
5371002,01,812507,Geld storten en opnemen,Unavailable,True,2025-01-10 00:31:32
5373001,01,920731,Geldautomaat,Unavailable,False,2025-01-10 00:31:32
5374001,01,921325,Geldautomaat,Unavailable,False,2025-01-10 00:31:33
5374002,01,812385,Geld storten en opnemen,Unavailable,True,2025-01-10 00:31:33
5374002,02,610841,Sealbag-automaat,Unavailable,False,2025-01-10 00:31:33
5374003,01,811358,Geld storten en opnemen,Unavailable,True,2025-01-10 00:31:34
5375001,01,920612,Geldautomaat,Unavailable,False,2025-01-10 00:31:34
5382001,01,920014,Geldautomaat,Unavailable,False,2025-01-10 00:31:35
5384001,01,921426,Geldautomaat,Unavailable,False,2025-01-10 00:31:36
5384004,01,811892,Geld storten en opnemen,Unavailable,True,2025-01-10 00:31:36
5386001,01,920533,Geldautomaat,Unavailable,False,2025-01-10 00:31:37
5386001,02,610108,Sealbag-automaat,Unavailable,False,2025-01-10 00:31:37
5388001,01,610289,Sealbag-automaat,Unavailable,False,2025-01-10 00:31:37
5388001,02,920807,Geldautomaat,Unavailable,False,2025-01-10 00:31:37
5391001,01,921427,Geldautomaat,Unavailable,False,2025-01-10 00:31:38
5394001,01,920617,Geldautomaat,Unavailable,False,2025-01-10 00:31:39
5397002,01,920064,Geldautomaat,Unavailable,False,2025-01-10 00:31:39
5401001,01,810610,Geld storten en opnemen,Unavailable,True,2025-01-10 00:31:40
5401001,02,810609,Geld storten en opnemen,Unavailable,True,2025-01-10 00:31:40
5401001,03,610915,Sealbag-automaat,Unavailable,False,2025-01-10 00:31:40
5401002,01,921611,Geldautomaat,Unavailable,False,2025-01-10 00:31:40
5401005,01,811580,Geld storten en opnemen,Unavailable,True,2025-01-10 00:31:41
5401007,01,812149,Geld storten en opnemen,Unavailable,True,2025-01-10 00:31:41
5402001,01,930047,Geldautomaat,Unavailable,False,2025-01-10 00:31:42
5403001,01,920690,Geldautomaat,Unavailable,False,2025-01-10 00:31:43
5408001,01,920359,Geldautomaat,Unavailable,False,2025-01-10 00:31:43
5409001,01,920030,Geldautomaat,Unavailable,False,2025-01-10 00:31:44
5411001,01,920380,Geldautomaat,Unavailable,False,2025-01-10 00:31:45
5411001,02,610224,Sealbag-automaat,Unavailable,False,2025-01-10 00:31:45
5421001,01,921440,Geldautomaat,Unavailable,False,2025-01-10 00:31:45
5421003,01,811120,Geld storten en opnemen,Unavailable,True,2025-01-10 00:31:46
5421007,01,812849,Geld storten en opnemen,Unavailable,True,2025-01-10 00:31:47
5423001,01,920809,Geldautomaat,Unavailable,False,2025-01-10 00:31:48
5424001,01,920427,Geldautomaat,Unavailable,False,2025-01-10 00:31:48
5425001,01,920465,Geldautomaat,Unavailable,False,2025-01-10 00:31:49
5427002,01,810453,Geld storten en opnemen,Unavailable,True,2025-01-10 00:31:49
5427002,02,610371,Sealbag-automaat,Unavailable,False,2025-01-10 00:31:49
5428001,01,920027,Geldautomaat,Unavailable,False,2025-01-10 00:31:50
5431001,01,921442,Geldautomaat,Unavailable,False,2025-01-10 00:31:51
5431002,01,811097,Geld storten en opnemen,Unavailable,False,2025-01-10 00:31:51
5431002,02,920456,Geldautomaat,Unavailable,False,2025-01-10 00:31:51
5431002,03,610635,Sealbag-automaat,Unavailable,False,2025-01-10 00:31:51
5431005,01,811498,Geld storten en opnemen,Unavailable,True,2025-01-10 00:31:52
5431006,01,812707,Geld storten en opnemen,Unavailable,True,2025-01-10 00:31:52
5437001,01,920289,Geldautomaat,Unavailable,False,2025-01-10 00:31:53
5443001,01,920049,Geldautomaat,Unavailable,False,2025-01-10 00:31:54
5446001,01,920519,Geldautomaat,Unavailable,False,2025-01-10 00:31:54
5451003,01,921772,Geldautomaat,Unavailable,False,2025-01-10 00:31:55
5451004,01,811931,Geld storten en opnemen,Unavailable,True,2025-01-10 00:31:55
5451005,01,812572,Geld storten en opnemen,Unavailable,True,2025-01-10 00:31:56
5461001,01,921695,Geldautomaat,Unavailable,False,2025-01-10 00:31:57
5461005,01,611157,Sealbag-automaat,Unavailable,False,2025-01-10 00:31:57
5461005,02,920579,Geldautomaat,Unavailable,False,2025-01-10 00:31:57
5461006,01,811586,Geld storten en opnemen,Unavailable,True,2025-01-10 00:31:58
5461006,02,812112,Geld storten en opnemen,Unavailable,True,2025-01-10 00:31:58
5462001,01,920585,Geldautomaat,Unavailable,False,2025-01-10 00:31:58
5465001,01,920081,Geldautomaat,Unavailable,False,2025-01-10 00:31:59
5466001,01,920090,Geldautomaat,Unavailable,False,2025-01-10 00:32:00
5469001,01,921461,Geldautomaat,Unavailable,False,2025-01-10 00:32:00
5469002,01,910427,Geldautomaat,Unavailable,False,2025-01-10 00:32:01
5472001,01,920521,Geldautomaat,Unavailable,False,2025-01-10 00:32:01
5473001,01,811131,Geld storten en opnemen,Unavailable,True,2025-01-10 00:32:02
5473002,01,920248,Geldautomaat,Unavailable,False,2025-01-10 00:32:02
5473002,02,610581,Sealbag-automaat,Unavailable,False,2025-01-10 00:32:02
5476001,01,920478,Geldautomaat,Unavailable,False,2025-01-10 00:32:03
5481001,01,611488,Sealbag-automaat,Unavailable,False,2025-01-10 00:32:04
5481001,02,811650,Geld storten en opnemen,Unavailable,True,2025-01-10 00:32:04
5481002,01,811179,Geld storten en opnemen,Unavailable,True,2025-01-10 00:32:04
5482001,01,921675,Geldautomaat,Unavailable,False,2025-01-10 00:32:05
5492001,01,921467,Geldautomaat,Unavailable,False,2025-01-10 00:32:05
5492002,01,811364,Geld storten en opnemen,Unavailable,True,2025-01-10 00:32:06
5501001,01,921624,Geldautomaat,Unavailable,False,2025-01-10 00:32:07
5501002,01,610209,Sealbag-automaat,Unavailable,False,2025-01-10 00:32:07
5501002,02,810270,Geld storten en opnemen,Unavailable,True,2025-01-10 00:32:07
5501006,01,811587,Geld storten en opnemen,Unavailable,True,2025-01-10 00:32:08
5504001,01,921628,Geldautomaat,Unavailable,False,2025-01-10 00:32:08
5504002,01,920493,Geldautomaat,Unavailable,False,2025-01-10 00:32:09
5504005,01,812617,Geld storten en opnemen,Unavailable,True,2025-01-10 00:32:10
5504006,01,921756,Geldautomaat,Unavailable,False,2025-01-10 00:32:10
5505001,01,921679,Geldautomaat,Unavailable,False,2025-01-10 00:32:11
5506001,01,921583,Geldautomaat,Unavailable,False,2025-01-10 00:32:11
5507001,01,920479,Geldautomaat,Unavailable,False,2025-01-10 00:32:12
5508001,01,920291,Geldautomaat,Unavailable,False,2025-01-10 00:32:13
5512002,01,914111,Geldautomaat,Unavailable,False,2025-01-10 00:32:13
5513001,01,920487,Geldautomaat,Unavailable,False,2025-01-10 00:32:14
5521002,01,811112,Geld storten en opnemen,Unavailable,True,2025-01-10 00:32:14
5521003,01,611319,Sealbag-automaat,Unavailable,False,2025-01-10 00:32:15
5521003,02,920951,Geldautomaat,Unavailable,False,2025-01-10 00:32:15
5521004,01,812523,Geld storten en opnemen,Unavailable,True,2025-01-10 00:32:16
5527001,01,920726,Geldautomaat,Unavailable,False,2025-01-10 00:32:16
5528001,01,920489,Geldautomaat,Unavailable,False,2025-01-10 00:32:17
5531001,01,921495,Geldautomaat,Unavailable,False,2025-01-10 00:32:17
5531003,01,811083,Geld storten en opnemen,Unavailable,True,2025-01-10 00:32:18
5531005,01,813088,Geld storten en opnemen,Unavailable,True,2025-01-10 00:32:19
5531005,02,611495,Sealbag-automaat,Unavailable,False,2025-01-10 00:32:19
5541001,01,610167,Sealbag-automaat,Unavailable,False,2025-01-10 00:32:19
5541001,02,810227,Geld storten en opnemen,Unavailable,True,2025-01-10 00:32:19
5541002,01,812529,Geld storten en opnemen,Unavailable,True,2025-01-10 00:32:20
5551001,01,920320,Geldautomaat,Unavailable,False,2025-01-10 00:32:20
5554002,01,921497,Geldautomaat,Unavailable,False,2025-01-10 00:32:21
5554005,01,811583,Geld storten en opnemen,Unavailable,True,2025-01-10 00:32:22
5554008,01,812551,Geld storten en opnemen,Unavailable,True,2025-01-10 00:32:22
5554008,02,611397,Sealbag-automaat,Available,False,2025-01-10 00:32:22
5556001,01,920691,Geldautomaat,Unavailable,False,2025-01-10 00:32:23
5561001,01,920534,Geldautomaat,Unavailable,False,2025-01-10 00:32:23
5571002,01,930132,Geldautomaat,Unavailable,False,2025-01-10 00:32:24
5571004,01,914065,Geldautomaat,Unavailable,False,2025-01-10 00:32:25
5571004,02,611090,Sealbag-automaat,Unavailable,False,2025-01-10 00:32:25
5571005,01,812452,Geld storten en opnemen,Unavailable,True,2025-01-10 00:32:25
5575001,01,920605,Geldautomaat,Unavailable,False,2025-01-10 00:32:26
5581001,01,914689,Geldautomaat,Unavailable,False,2025-01-10 00:32:26
5581002,01,921465,Geldautomaat,Unavailable,False,2025-01-10 00:32:27
5582001,01,810269,Geld storten en opnemen,Unavailable,True,2025-01-10 00:32:28
5582002,01,921468,Geldautomaat,Unavailable,False,2025-01-10 00:32:28
5591001,01,921553,Geldautomaat,Unavailable,False,2025-01-10 00:32:29
5591002,01,811132,Geld storten en opnemen,Unavailable,True,2025-01-10 00:32:30
5591003,01,920956,Geldautomaat,Unavailable,False,2025-01-10 00:32:30
5591003,02,610672,Sealbag-automaat,Unavailable,False,2025-01-10 00:32:30
5595001,01,920543,Geldautomaat,Unavailable,False,2025-01-10 00:32:31
5611003,01,921699,Geldautomaat,Unavailable,False,2025-01-10 00:32:31
5611004,01,912276,Geldautomaat,Unavailable,False,2025-01-10 00:32:32
5611008,01,910595,Geldautomaat,Unavailable,False,2025-01-10 00:32:33
5611009,01,812300,Geld storten en opnemen,Unavailable,True,2025-01-10 00:32:34
5611009,02,611297,Sealbag-automaat,Unavailable,False,2025-01-10 00:32:34
5611009,03,811968,Geld storten en opnemen,Unavailable,True,2025-01-10 00:32:34
5611013,01,810479,Geld storten en opnemen,Unavailable,True,2025-01-10 00:32:34
5611017,01,611487,Sealbag-automaat,Available,False,2025-01-10 00:32:35
5611017,02,813068,Geld storten en opnemen,Unavailable,True,2025-01-10 00:32:35
5611017,03,914889,Geldautomaat,Unavailable,False,2025-01-10 00:32:35
5611018,01,813073,Geld storten en opnemen,Unavailable,True,2025-01-10 00:32:36
5611018,02,813071,Geld storten en opnemen,Unavailable,True,2025-01-10 00:32:36
5611018,03,813070,Geld storten en opnemen,Unavailable,True,2025-01-10 00:32:36
5611018,04,813069,Geld storten en opnemen,Unavailable,True,2025-01-10 00:32:36
5611018,05,813072,Geld storten en opnemen,Unavailable,True,2025-01-10 00:32:36
5612002,01,914671,Geldautomaat,Unavailable,False,2025-01-10 00:32:36
5612002,02,914672,Geldautomaat,Unavailable,False,2025-01-10 00:32:36
5612004,01,921590,Geldautomaat,Unavailable,False,2025-01-10 00:32:37
5612005,01,920614,Geldautomaat,Available,False,2025-01-10 00:32:37
5613002,01,921591,Geldautomaat,Unavailable,False,2025-01-10 00:32:38
5613003,01,811254,Geld storten en opnemen,Unavailable,True,2025-01-10 00:32:39
5615001,01,810074,Geld storten en opnemen,Unavailable,True,2025-01-10 00:32:40
5615002,01,921742,Geldautomaat,Unavailable,False,2025-01-10 00:32:40
5615003,01,921554,Geldautomaat,Unavailable,False,2025-01-10 00:32:41
5615005,01,811043,Geld storten en opnemen,Unavailable,True,2025-01-10 00:32:42
5616001,01,930153,Geldautomaat,Unavailable,False,2025-01-10 00:32:42
5616003,01,920600,Geldautomaat,Unavailable,False,2025-01-10 00:32:43
5625001,01,921567,Geldautomaat,Unavailable,False,2025-01-10 00:32:43
5625005,01,812065,Geld storten en opnemen,Unavailable,True,2025-01-10 00:32:44
5625008,01,920208,Geldautomaat,Unavailable,False,2025-01-10 00:32:45
5625008,02,812939,Geld storten en opnemen,Unavailable,True,2025-01-10 00:32:45
5625008,03,611458,Sealbag-automaat,Unavailable,False,2025-01-10 00:32:45
5625009,01,812943,Geld storten en opnemen,Unavailable,True,2025-01-10 00:32:46
5625009,02,812941,Geld storten en opnemen,Unavailable,True,2025-01-10 00:32:46
5625009,03,812944,Geld storten en opnemen,Unavailable,False,2025-01-10 00:32:46
5625009,04,812940,Geld storten en opnemen,Unavailable,True,2025-01-10 00:32:46
5625009,05,812942,Geld storten en opnemen,Unavailable,False,2025-01-10 00:32:46
5627001,01,910934,Geldautomaat,Unavailable,False,2025-01-10 00:32:46
5627002,01,811009,Geld storten en opnemen,Unavailable,True,2025-01-10 00:32:47
5628001,01,910691,Geldautomaat,Unavailable,False,2025-01-10 00:32:48
5628002,01,910744,Geldautomaat,Unavailable,False,2025-01-10 00:32:48
5629001,01,930191,Geldautomaat,Unavailable,False,2025-01-10 00:32:49
5631001,01,921569,Geldautomaat,Unavailable,False,2025-01-10 00:32:49
5632001,01,921552,Geldautomaat,Unavailable,False,2025-01-10 00:32:50
5632003,01,921247,Geldautomaat,Unavailable,False,2025-01-10 00:32:50
5632004,01,913272,Geldautomaat,Unavailable,False,2025-01-10 00:32:51
5643001,01,914658,Geldautomaat,Unavailable,False,2025-01-10 00:32:52
5643002,01,921482,Geldautomaat,Unavailable,False,2025-01-10 00:32:52
5644001,01,921743,Geldautomaat,Unavailable,False,2025-01-10 00:32:53
5645001,01,921246,Geldautomaat,Unavailable,False,2025-01-10 00:32:53
5652003,01,921896,Geldautomaat,Unavailable,False,2025-01-10 00:32:55
5653001,01,921018,Geldautomaat,Unavailable,False,2025-01-10 00:32:55
5654002,01,921563,Geldautomaat,Unavailable,False,2025-01-10 00:32:56
5654003,01,920530,Geldautomaat,Unavailable,False,2025-01-10 00:32:56
5654005,01,811907,Geld storten en opnemen,Unavailable,True,2025-01-10 00:32:57
5658001,01,921593,Geldautomaat,Unavailable,False,2025-01-10 00:32:58
5662001,01,921597,Geldautomaat,Unavailable,False,2025-01-10 00:32:58
5663001,01,921485,Geldautomaat,Unavailable,False,2025-01-10 00:32:59
5664001,01,921500,Geldautomaat,Unavailable,False,2025-01-10 00:32:59
5664003,01,920757,Geldautomaat,Unavailable,False,2025-01-10 00:33:00
5664003,02,811119,Geld storten en opnemen,Unavailable,True,2025-01-10 00:33:00
5664003,03,610629,Sealbag-automaat,Unavailable,False,2025-01-10 00:33:00
5664007,01,811514,Geld storten en opnemen,Unavailable,True,2025-01-10 00:33:01
5665001,01,910689,Geldautomaat,Unavailable,False,2025-01-10 00:33:01
5671001,01,810203,Geld storten en opnemen,Unavailable,True,2025-01-10 00:33:02
5671001,02,610151,Sealbag-automaat,Unavailable,False,2025-01-10 00:33:02
5671002,01,921501,Geldautomaat,Unavailable,False,2025-01-10 00:33:03
5671003,01,811348,Geld storten en opnemen,Unavailable,True,2025-01-10 00:33:03
5672002,01,920682,Geldautomaat,Unavailable,False,2025-01-10 00:33:04
5672003,01,812616,Geld storten en opnemen,Unavailable,True,2025-01-10 00:33:04
5683001,01,810143,Geld storten en opnemen,Unavailable,True,2025-01-10 00:33:05
5683001,02,610083,Sealbag-automaat,Unavailable,False,2025-01-10 00:33:05
5683003,01,921508,Geldautomaat,Unavailable,False,2025-01-10 00:33:05
5683004,01,811081,Geld storten en opnemen,Unavailable,True,2025-01-10 00:33:06
5684001,01,921509,Geldautomaat,Unavailable,False,2025-01-10 00:33:07
5684002,01,920545,Geldautomaat,Unavailable,False,2025-01-10 00:33:07
5684003,01,812591,Geld storten en opnemen,Unavailable,True,2025-01-10 00:33:08
5685001,01,920833,Geldautomaat,Unavailable,False,2025-01-10 00:33:08
5688001,01,810206,Geld storten en opnemen,Unavailable,True,2025-01-10 00:33:09
5688001,02,610154,Sealbag-automaat,Unavailable,False,2025-01-10 00:33:09
5688002,01,921623,Geldautomaat,Unavailable,False,2025-01-10 00:33:10
5688004,01,812863,Geld storten en opnemen,Unavailable,True,2025-01-10 00:33:10
5691001,01,610186,Sealbag-automaat,Unavailable,False,2025-01-10 00:33:11
5691001,02,810240,Geld storten en opnemen,Unavailable,True,2025-01-10 00:33:11
5691002,01,921061,Geldautomaat,Unavailable,False,2025-01-10 00:33:11
5691003,01,811575,Geld storten en opnemen,Unavailable,True,2025-01-10 00:33:12
5694001,01,920324,Geldautomaat,Unavailable,False,2025-01-10 00:33:13
5701001,01,812432,Geld storten en opnemen,Unavailable,True,2025-01-10 00:33:13
5701002,01,921083,Geldautomaat,Unavailable,False,2025-01-10 00:33:14
5701006,01,913581,Geldautomaat,Available,False,2025-01-10 00:33:15
5701006,02,811972,Geld storten en opnemen,Available,True,2025-01-10 00:33:15
5701006,03,610945,Sealbag-automaat,Unavailable,False,2025-01-10 00:33:15
5701009,01,810517,Geld storten en opnemen,Unavailable,True,2025-01-10 00:33:16
5701009,02,810518,Geld storten en opnemen,Unavailable,True,2025-01-10 00:33:16
5702001,01,920370,Geldautomaat,Unavailable,False,2025-01-10 00:33:16
5702002,01,812458,Geld storten en opnemen,Unavailable,True,2025-01-10 00:33:17
5704001,01,921251,Geldautomaat,Unavailable,False,2025-01-10 00:33:18
5704002,01,920525,Geldautomaat,Unavailable,False,2025-01-10 00:33:19
5706001,01,812180,Geld storten en opnemen,Unavailable,True,2025-01-10 00:33:19
5706001,02,920371,Geldautomaat,Unavailable,False,2025-01-10 00:33:19
5707001,01,920080,Geldautomaat,Unavailable,False,2025-01-10 00:33:20
5707003,01,813103,Geld storten en opnemen,Unavailable,True,2025-01-10 00:33:20
5708001,01,921518,Geldautomaat,Unavailable,False,2025-01-10 00:33:21
5708002,01,911884,Geldautomaat,Unavailable,False,2025-01-10 00:33:22
5708003,01,920499,Geldautomaat,Unavailable,False,2025-01-10 00:33:22
5711001,01,813049,Geld storten en opnemen,Unavailable,True,2025-01-10 00:33:23
5711001,02,611482,Sealbag-automaat,Unavailable,False,2025-01-10 00:33:23
5711002,01,921149,Geldautomaat,Unavailable,False,2025-01-10 00:33:24
5711004,01,811362,Geld storten en opnemen,Unavailable,True,2025-01-10 00:33:25
5712001,01,910906,Geldautomaat,Unavailable,False,2025-01-10 00:33:26
5721002,01,930175,Geldautomaat,Unavailable,False,2025-01-10 00:33:26
5721005,01,811862,Geld storten en opnemen,Unavailable,True,2025-01-10 00:33:27
5721006,01,611471,Sealbag-automaat,Unavailable,False,2025-01-10 00:33:28
5721006,02,813005,Geld storten en opnemen,Unavailable,True,2025-01-10 00:33:28
5725001,01,920018,Geldautomaat,Unavailable,False,2025-01-10 00:33:28
5731001,01,921177,Geldautomaat,Unavailable,False,2025-01-10 00:33:29
5731002,01,811147,Geld storten en opnemen,Unavailable,True,2025-01-10 00:33:30
5735001,01,910846,Geldautomaat,Unavailable,False,2025-01-10 00:33:30
5737001,01,812071,Geld storten en opnemen,Unavailable,True,2025-01-10 00:33:31
5738001,01,920656,Geldautomaat,Unavailable,False,2025-01-10 00:33:31
5741003,01,611392,Sealbag-automaat,Unavailable,False,2025-01-10 00:33:32
5741003,02,920847,Geldautomaat,Unavailable,False,2025-01-10 00:33:32
5741003,03,812480,Geld storten en opnemen,Unavailable,True,2025-01-10 00:33:32
5751001,01,921180,Geldautomaat,Unavailable,False,2025-01-10 00:33:33
5751002,01,913483,Geldautomaat,Unavailable,False,2025-01-10 00:33:33
5751002,02,610317,Sealbag-automaat,Unavailable,False,2025-01-10 00:33:33
5751003,01,910921,Geldautomaat,Unavailable,False,2025-01-10 00:33:34
5751005,01,811101,Geld storten en opnemen,Unavailable,True,2025-01-10 00:33:34
5751008,01,812564,Geld storten en opnemen,Unavailable,True,2025-01-10 00:33:35
5753001,01,920078,Geldautomaat,Unavailable,False,2025-01-10 00:33:35
5757001,01,910851,Geldautomaat,Unavailable,False,2025-01-10 00:33:36
5758001,01,922007,Geldautomaat,Unavailable,False,2025-01-10 00:33:37
5759001,01,920142,Geldautomaat,Unavailable,False,2025-01-10 00:33:37
5761001,01,920589,Geldautomaat,Unavailable,False,2025-01-10 00:33:38
5761001,02,920548,Geldautomaat,Unavailable,False,2025-01-10 00:33:38
5761001,03,610074,Sealbag-automaat,Unavailable,False,2025-01-10 00:33:38
5763001,01,920659,Geldautomaat,Unavailable,False,2025-01-10 00:33:38
5764001,01,920388,Geldautomaat,Unavailable,False,2025-01-10 00:33:39
5768001,01,920389,Geldautomaat,Unavailable,False,2025-01-10 00:33:40
5801001,01,930188,Geldautomaat,Unavailable,False,2025-01-10 00:33:40
5801002,01,921300,Geldautomaat,Unavailable,False,2025-01-10 00:33:41
5801006,01,811199,Geld storten en opnemen,Unavailable,True,2025-01-10 00:33:41
5801008,01,812364,Geld storten en opnemen,Unavailable,True,2025-01-10 00:33:42
5801009,01,921449,Geldautomaat,Unavailable,False,2025-01-10 00:33:43
5802001,01,610968,Sealbag-automaat,Unavailable,False,2025-01-10 00:33:43
5802001,02,811429,Geld storten en opnemen,Unavailable,True,2025-01-10 00:33:43
5802001,03,811857,Geld storten en opnemen,Unavailable,True,2025-01-10 00:33:43
5807001,01,920654,Geldautomaat,Unavailable,False,2025-01-10 00:33:44
5809001,01,920658,Geldautomaat,Unavailable,False,2025-01-10 00:33:44
5813001,01,920830,Geldautomaat,Unavailable,False,2025-01-10 00:33:45
5821001,01,920655,Geldautomaat,Unavailable,False,2025-01-10 00:33:46
5825001,01,610163,Sealbag-automaat,Unavailable,False,2025-01-10 00:33:46
5825001,02,920994,Geldautomaat,Unavailable,False,2025-01-10 00:33:46
5831002,01,610625,Sealbag-automaat,Unavailable,False,2025-01-10 00:33:47
5831002,02,811088,Geld storten en opnemen,Unavailable,True,2025-01-10 00:33:47
5831002,03,912887,Geldautomaat,Unavailable,False,2025-01-10 00:33:47
5831004,01,921228,Geldautomaat,Unavailable,False,2025-01-10 00:33:47
5831006,01,812855,Geld storten en opnemen,Unavailable,True,2025-01-10 00:33:48
5841001,01,920687,Geldautomaat,Unavailable,False,2025-01-10 00:33:49
5845001,01,920715,Geldautomaat,Unavailable,False,2025-01-10 00:33:49
5845001,02,610189,Sealbag-automaat,Unavailable,False,2025-01-10 00:33:49
5851001,01,920970,Geldautomaat,Unavailable,False,2025-01-10 00:33:50
5853001,01,920793,Geldautomaat,Unavailable,False,2025-01-10 00:33:50
5854001,01,810082,Geld storten en opnemen,Unavailable,True,2025-01-10 00:33:51
5854001,02,610021,Sealbag-automaat,Unavailable,False,2025-01-10 00:33:51
5854004,01,921326,Geldautomaat,Unavailable,False,2025-01-10 00:33:52
5861002,01,912898,Geldautomaat,Unavailable,False,2025-01-10 00:33:53
5864001,01,920827,Geldautomaat,Unavailable,False,2025-01-10 00:33:53
5911001,01,912484,Geldautomaat,Available,False,2025-01-10 00:33:54
5911004,01,813030,Geld storten en opnemen,Unavailable,True,2025-01-10 00:33:55
5911004,02,611066,Sealbag-automaat,Unavailable,False,2025-01-10 00:33:55
5911004,03,914712,Geldautomaat,Unavailable,False,2025-01-10 00:33:55
5911006,01,810635,Geld storten en opnemen,Unavailable,True,2025-01-10 00:33:55
5912001,01,921272,Geldautomaat,Unavailable,False,2025-01-10 00:33:56
5912002,01,812893,Geld storten en opnemen,Unavailable,True,2025-01-10 00:33:56
5913001,01,920803,Geldautomaat,Unavailable,False,2025-01-10 00:33:57
5914001,01,920710,Geldautomaat,Unavailable,False,2025-01-10 00:33:58
5915001,01,921654,Geldautomaat,Unavailable,False,2025-01-10 00:33:58
5916002,01,921520,Geldautomaat,Unavailable,False,2025-01-10 00:33:59
5921002,01,811084,Geld storten en opnemen,Unavailable,True,2025-01-10 00:33:59
5921003,01,610571,Sealbag-automaat,Unavailable,False,2025-01-10 00:34:00
5921003,02,920214,Geldautomaat,Unavailable,False,2025-01-10 00:34:00
5921003,03,920217,Geldautomaat,Unavailable,False,2025-01-10 00:34:00
5921005,01,812560,Geld storten en opnemen,Unavailable,True,2025-01-10 00:34:01
5922001,01,921016,Geldautomaat,Unavailable,False,2025-01-10 00:34:01
5931001,01,610604,Sealbag-automaat,Unavailable,False,2025-01-10 00:34:02
5931001,02,812549,Geld storten en opnemen,Unavailable,True,2025-01-10 00:34:02
5931003,01,921777,Geldautomaat,Unavailable,False,2025-01-10 00:34:02
5931006,01,812191,Geld storten en opnemen,Unavailable,False,2025-01-10 00:34:03
5932001,01,920643,Geldautomaat,Unavailable,False,2025-01-10 00:34:03
5941001,01,920872,Geldautomaat,Unavailable,False,2025-01-10 00:34:04
5941001,02,610064,Sealbag-automaat,Unavailable,False,2025-01-10 00:34:04
5944002,01,921006,Geldautomaat,Unavailable,False,2025-01-10 00:34:05
5951002,01,812379,Geld storten en opnemen,Unavailable,True,2025-01-10 00:34:05
5953001,01,610979,Sealbag-automaat,Unavailable,False,2025-01-10 00:34:06
5953001,02,810210,Geld storten en opnemen,Unavailable,True,2025-01-10 00:34:06
5953003,01,811356,Geld storten en opnemen,Unavailable,True,2025-01-10 00:34:06
5961001,01,921521,Geldautomaat,Unavailable,False,2025-01-10 00:34:07
5961005,01,811865,Geld storten en opnemen,Unavailable,True,2025-01-10 00:34:08
5961007,01,813008,Geld storten en opnemen,Unavailable,True,2025-01-10 00:34:08
5961007,02,611473,Sealbag-automaat,Unavailable,False,2025-01-10 00:34:08
5963001,01,910032,Geldautomaat,Unavailable,False,2025-01-10 00:34:09
5973001,01,920849,Geldautomaat,Unavailable,False,2025-01-10 00:34:10
5975001,01,921030,Geldautomaat,Unavailable,False,2025-01-10 00:34:11
5975001,02,610060,Sealbag-automaat,Unavailable,False,2025-01-10 00:34:11
5975002,01,812688,Geld storten en opnemen,Unavailable,True,2025-01-10 00:34:11
5981001,01,810101,Geld storten en opnemen,Unavailable,True,2025-01-10 00:34:12
5981001,02,610034,Sealbag-automaat,Unavailable,False,2025-01-10 00:34:12
5981005,01,811165,Geld storten en opnemen,Unavailable,True,2025-01-10 00:34:13
5986001,01,920639,Geldautomaat,Unavailable,False,2025-01-10 00:34:13
5988001,01,920253,Geldautomaat,Unavailable,False,2025-01-10 00:34:14
5991001,01,920209,Geldautomaat,Unavailable,False,2025-01-10 00:34:14
5991001,02,610043,Sealbag-automaat,Unavailable,False,2025-01-10 00:34:14
5993001,01,920278,Geldautomaat,Unavailable,False,2025-01-10 00:34:15
5995001,01,920866,Geldautomaat,Unavailable,False,2025-01-10 00:34:16
6001001,01,921523,Geldautomaat,Unavailable,False,2025-01-10 00:34:16
6001004,01,920899,Geldautomaat,Unavailable,False,2025-01-10 00:34:17
6001004,02,611249,Sealbag-automaat,Unavailable,False,2025-01-10 00:34:17
6001004,03,920900,Geldautomaat,Unavailable,False,2025-01-10 00:34:17
6001005,01,811598,Geld storten en opnemen,Unavailable,True,2025-01-10 00:34:17
6001006,01,810644,Geld storten en opnemen,Unavailable,True,2025-01-10 00:34:18
6002001,01,910585,Geldautomaat,Unavailable,False,2025-01-10 00:34:18
6004002,01,812141,Geld storten en opnemen,Unavailable,True,2025-01-10 00:34:19
6006004,01,920441,Geldautomaat,Unavailable,False,2025-01-10 00:34:20
6006005,01,921529,Geldautomaat,Unavailable,False,2025-01-10 00:34:21
6011001,01,910613,Geldautomaat,Unavailable,False,2025-01-10 00:34:22
6017001,01,920550,Geldautomaat,Unavailable,False,2025-01-10 00:34:22
6019001,01,920964,Geldautomaat,Unavailable,False,2025-01-10 00:34:23
6021002,01,921539,Geldautomaat,Unavailable,False,2025-01-10 00:34:23
6021003,01,811922,Geld storten en opnemen,Unavailable,True,2025-01-10 00:34:24
6026001,01,812395,Geld storten en opnemen,Unavailable,True,2025-01-10 00:34:25
6026001,02,914605,Geldautomaat,Unavailable,False,2025-01-10 00:34:25
6027001,01,920707,Geldautomaat,Unavailable,False,2025-01-10 00:34:25
6029001,01,920709,Geldautomaat,Unavailable,False,2025-01-10 00:34:26
6031001,01,920648,Geldautomaat,Unavailable,False,2025-01-10 00:34:26
6031001,02,810331,Geld storten en opnemen,Unavailable,True,2025-01-10 00:34:26
6031001,03,920680,Geldautomaat,Unavailable,False,2025-01-10 00:34:26
6035001,01,920308,Geldautomaat,Unavailable,False,2025-01-10 00:34:27
6039001,01,811994,Geld storten en opnemen,Unavailable,True,2025-01-10 00:34:27
6041002,01,611021,Sealbag-automaat,Unavailable,False,2025-01-10 00:34:28
6041002,02,813012,Geld storten en opnemen,Unavailable,True,2025-01-10 00:34:28
6041003,01,921540,Geldautomaat,Unavailable,False,2025-01-10 00:34:29
6042002,01,920784,Geldautomaat,Unavailable,False,2025-01-10 00:34:29
6042002,02,610266,Sealbag-automaat,Unavailable,False,2025-01-10 00:34:29
6042002,03,811270,Geld storten en opnemen,Unavailable,True,2025-01-10 00:34:29
6042003,01,930094,Geldautomaat,Unavailable,False,2025-01-10 00:34:30
6043001,01,920711,Geldautomaat,Unavailable,False,2025-01-10 00:34:30
6043001,02,920708,Geldautomaat,Unavailable,False,2025-01-10 00:34:30
6043003,01,920037,Geldautomaat,Unavailable,False,2025-01-10 00:34:31
6045001,01,920841,Geldautomaat,Unavailable,False,2025-01-10 00:34:32
6049001,01,910430,Geldautomaat,Unavailable,False,2025-01-10 00:34:32
6051005,01,812100,Geld storten en opnemen,Unavailable,True,2025-01-10 00:34:33
6061001,01,920321,Geldautomaat,Unavailable,False,2025-01-10 00:34:33
6063001,01,920693,Geldautomaat,Unavailable,False,2025-01-10 00:34:34
6065001,01,920701,Geldautomaat,Unavailable,False,2025-01-10 00:34:35
6067001,01,910515,Geldautomaat,Unavailable,False,2025-01-10 00:34:35
6071001,01,811186,Geld storten en opnemen,Unavailable,True,2025-01-10 00:34:36
6071002,01,610597,Sealbag-automaat,Unavailable,False,2025-01-10 00:34:37
6071002,02,920810,Geldautomaat,Unavailable,False,2025-01-10 00:34:37
6074001,01,910518,Geldautomaat,Unavailable,False,2025-01-10 00:34:37
6075002,01,810513,Geld storten en opnemen,Unavailable,True,2025-01-10 00:34:38
6081001,01,920880,Geldautomaat,Unavailable,False,2025-01-10 00:34:38
6085001,01,920765,Geldautomaat,Unavailable,False,2025-01-10 00:34:39
6086001,01,920882,Geldautomaat,Unavailable,False,2025-01-10 00:34:39
6088001,01,920772,Geldautomaat,Unavailable,False,2025-01-10 00:34:40
6093002,01,920779,Geldautomaat,Unavailable,False,2025-01-10 00:34:41
6093002,02,610743,Sealbag-automaat,Unavailable,False,2025-01-10 00:34:41
6093003,01,811034,Geld storten en opnemen,Unavailable,True,2025-01-10 00:34:41
6095001,01,920885,Geldautomaat,Unavailable,False,2025-01-10 00:34:42
6096001,01,920039,Geldautomaat,Unavailable,False,2025-01-10 00:34:42
6097001,01,920837,Geldautomaat,Unavailable,False,2025-01-10 00:34:43
6097001,02,610287,Sealbag-automaat,Unavailable,False,2025-01-10 00:34:43
6101002,01,921547,Geldautomaat,Unavailable,False,2025-01-10 00:34:44
6101004,01,812453,Geld storten en opnemen,Unavailable,True,2025-01-10 00:34:45
6101004,02,611133,Sealbag-automaat,Unavailable,False,2025-01-10 00:34:45
6101004,03,920780,Geldautomaat,Unavailable,False,2025-01-10 00:34:45
6101005,01,811508,Geld storten en opnemen,Unavailable,True,2025-01-10 00:34:45
6114001,01,921008,Geldautomaat,Unavailable,False,2025-01-10 00:34:46
6114001,02,610194,Sealbag-automaat,Unavailable,False,2025-01-10 00:34:46
6114002,01,812695,Geld storten en opnemen,Unavailable,True,2025-01-10 00:34:47
6116001,01,920895,Geldautomaat,Unavailable,False,2025-01-10 00:34:48
6118002,01,921023,Geldautomaat,Unavailable,False,2025-01-10 00:34:48
6121001,01,920246,Geldautomaat,Unavailable,False,2025-01-10 00:34:49
6121001,02,610045,Sealbag-automaat,Unavailable,False,2025-01-10 00:34:49
6121001,03,810113,Geld storten en opnemen,Unavailable,True,2025-01-10 00:34:49
6125001,01,920679,Geldautomaat,Unavailable,False,2025-01-10 00:34:50
6127001,01,921732,Geldautomaat,Unavailable,False,2025-01-10 00:34:50
6129001,01,920729,Geldautomaat,Unavailable,False,2025-01-10 00:34:51
6131002,01,921548,Geldautomaat,Unavailable,False,2025-01-10 00:34:51
6131003,01,921568,Geldautomaat,Unavailable,False,2025-01-10 00:34:52
6131004,01,810243,Geld storten en opnemen,Unavailable,False,2025-01-10 00:34:52
6131004,02,920814,Geldautomaat,Unavailable,False,2025-01-10 00:34:52
6131004,03,610182,Sealbag-automaat,Unavailable,False,2025-01-10 00:34:52
6131010,01,811574,Geld storten en opnemen,Unavailable,False,2025-01-10 00:34:53
6132001,01,920716,Geldautomaat,Unavailable,False,2025-01-10 00:34:54
6135001,01,920812,Geldautomaat,Unavailable,False,2025-01-10 00:34:54
6135002,01,921235,Geldautomaat,Unavailable,False,2025-01-10 00:34:55
6137001,01,920662,Geldautomaat,Unavailable,False,2025-01-10 00:34:56
6141001,01,920522,Geldautomaat,Unavailable,False,2025-01-10 00:34:56
6151001,01,920524,Geldautomaat,Unavailable,False,2025-01-10 00:34:57
6161001,01,810167,Geld storten en opnemen,Unavailable,True,2025-01-10 00:34:57
6161002,01,921564,Geldautomaat,Unavailable,False,2025-01-10 00:34:58
6161003,01,610784,Sealbag-automaat,Unavailable,False,2025-01-10 00:34:58
6161003,02,920428,Geldautomaat,Unavailable,False,2025-01-10 00:34:58
6161005,01,811633,Geld storten en opnemen,Unavailable,True,2025-01-10 00:34:59
6162001,01,920070,Geldautomaat,Unavailable,False,2025-01-10 00:35:00
6163001,01,920824,Geldautomaat,Unavailable,False,2025-01-10 00:35:00
6164002,01,910276,Geldautomaat,Unavailable,False,2025-01-10 00:35:01
6164003,01,920505,Geldautomaat,Unavailable,False,2025-01-10 00:35:01
6166001,01,910263,Geldautomaat,Unavailable,False,2025-01-10 00:35:02
6171001,01,810105,Geld storten en opnemen,Unavailable,True,2025-01-10 00:35:03
6171002,01,920290,Geldautomaat,Unavailable,False,2025-01-10 00:35:03
6171004,01,811900,Geld storten en opnemen,Unavailable,True,2025-01-10 00:35:04
6176001,01,910267,Geldautomaat,Unavailable,False,2025-01-10 00:35:04
6181001,01,921570,Geldautomaat,Unavailable,False,2025-01-10 00:35:05
6191001,01,811076,Geld storten en opnemen,Unavailable,True,2025-01-10 00:35:06
6191002,01,920828,Geldautomaat,Unavailable,False,2025-01-10 00:35:06
6191004,01,921694,Geldautomaat,Unavailable,False,2025-01-10 00:35:07
6191007,01,611259,Sealbag-automaat,Unavailable,False,2025-01-10 00:35:07
6191007,02,812280,Geld storten en opnemen,Unavailable,True,2025-01-10 00:35:07
6191008,01,812698,Geld storten en opnemen,Unavailable,True,2025-01-10 00:35:08
6211001,01,810379,Geld storten en opnemen,Unavailable,True,2025-01-10 00:35:09
6211002,01,610327,Sealbag-automaat,Unavailable,False,2025-01-10 00:35:09
6211002,02,912123,Geldautomaat,Unavailable,False,2025-01-10 00:35:09
6211003,01,813288,Geld storten en opnemen,Unavailable,True,2025-01-10 00:35:10
6211004,01,912120,Geldautomaat,Unavailable,False,2025-01-10 00:35:10
6211004,02,912119,Geldautomaat,Unavailable,False,2025-01-10 00:35:10
6211006,01,921330,Geldautomaat,Unavailable,False,2025-01-10 00:35:11
6211011,01,914314,Geldautomaat,Unavailable,False,2025-01-10 00:35:12
6216001,01,921696,Geldautomaat,Unavailable,False,2025-01-10 00:35:12
6216003,01,810417,Geld storten en opnemen,Unavailable,True,2025-01-10 00:35:13
6217001,01,921049,Geldautomaat,Unavailable,False,2025-01-10 00:35:13
6217002,01,920857,Geldautomaat,Unavailable,False,2025-01-10 00:35:14
6217002,02,610047,Sealbag-automaat,Unavailable,False,2025-01-10 00:35:14
6217003,01,813010,Geld storten en opnemen,Unavailable,True,2025-01-10 00:35:15
6217003,02,920745,Geldautomaat,Unavailable,False,2025-01-10 00:35:15
6221002,01,921452,Geldautomaat,Unavailable,False,2025-01-10 00:35:16
6224001,01,812425,Geld storten en opnemen,Unavailable,True,2025-01-10 00:35:17
6224002,01,921533,Geldautomaat,Unavailable,False,2025-01-10 00:35:18
6225001,01,920699,Geldautomaat,Unavailable,False,2025-01-10 00:35:18
6226001,01,921534,Geldautomaat,Unavailable,False,2025-01-10 00:35:19
6227001,01,810309,Geld storten en opnemen,Unavailable,True,2025-01-10 00:35:20
6227001,02,610255,Sealbag-automaat,Unavailable,False,2025-01-10 00:35:20
6227005,01,812587,Geld storten en opnemen,Unavailable,True,2025-01-10 00:35:20
6229001,01,811227,Geld storten en opnemen,Unavailable,True,2025-01-10 00:35:21
6229002,01,920748,Geldautomaat,Unavailable,False,2025-01-10 00:35:21
6231002,01,810556,Geld storten en opnemen,Unavailable,True,2025-01-10 00:35:22
6231003,01,812895,Geld storten en opnemen,Unavailable,True,2025-01-10 00:35:23
6235001,01,920879,Geldautomaat,Unavailable,False,2025-01-10 00:35:23
6241001,01,921433,Geldautomaat,Unavailable,False,2025-01-10 00:35:24
6241002,01,920864,Geldautomaat,Unavailable,False,2025-01-10 00:35:24
6245003,01,810691,Geld storten en opnemen,Unavailable,True,2025-01-10 00:35:25
6245003,02,920987,Geldautomaat,Unavailable,False,2025-01-10 00:35:25
6247001,01,920121,Geldautomaat,Unavailable,False,2025-01-10 00:35:25
6261001,01,920865,Geldautomaat,Unavailable,False,2025-01-10 00:35:26
6267001,01,920714,Geldautomaat,Unavailable,False,2025-01-10 00:35:27
6269002,01,813031,Geld storten en opnemen,Unavailable,True,2025-01-10 00:35:27
6271001,01,610898,Sealbag-automaat,Unavailable,False,2025-01-10 00:35:28
6271001,02,810971,Geld storten en opnemen,Unavailable,True,2025-01-10 00:35:28
6271002,01,811328,Geld storten en opnemen,Unavailable,True,2025-01-10 00:35:28
6271004,01,812607,Geld storten en opnemen,Unavailable,True,2025-01-10 00:35:29
6281001,01,920861,Geldautomaat,Unavailable,False,2025-01-10 00:35:30
6291001,01,810825,Geld storten en opnemen,Unavailable,True,2025-01-10 00:35:30
6291002,01,811195,Geld storten en opnemen,Unavailable,True,2025-01-10 00:35:31
6291003,01,921277,Geldautomaat,Unavailable,False,2025-01-10 00:35:32
6291005,01,610792,Sealbag-automaat,Unavailable,False,2025-01-10 00:35:32
6294001,01,812198,Geld storten en opnemen,Unavailable,True,2025-01-10 00:35:33
6301001,01,810611,Geld storten en opnemen,Unavailable,True,2025-01-10 00:35:33
6301001,02,611439,Sealbag-automaat,Unavailable,False,2025-01-10 00:35:33
6301002,01,921305,Geldautomaat,Unavailable,False,2025-01-10 00:35:34
6325001,01,910321,Geldautomaat,Unavailable,False,2025-01-10 00:35:35
6333001,01,920846,Geldautomaat,Unavailable,False,2025-01-10 00:35:35
6336001,01,921730,Geldautomaat,Unavailable,False,2025-01-10 00:35:36
6336002,01,920317,Geldautomaat,Unavailable,False,2025-01-10 00:35:36
6351001,01,920771,Geldautomaat,Unavailable,False,2025-01-10 00:35:37
6361002,01,813046,Geld storten en opnemen,Unavailable,True,2025-01-10 00:35:38
6365001,01,920773,Geldautomaat,Unavailable,False,2025-01-10 00:35:38
6367002,01,920756,Geldautomaat,Unavailable,False,2025-01-10 00:35:39
6367002,02,610082,Sealbag-automaat,Unavailable,False,2025-01-10 00:35:39
6369001,01,811180,Geld storten en opnemen,Unavailable,True,2025-01-10 00:35:39
6369002,01,920840,Geldautomaat,Unavailable,False,2025-01-10 00:35:40
6369002,02,610612,Sealbag-automaat,Unavailable,False,2025-01-10 00:35:40
6371001,01,811335,Geld storten en opnemen,Unavailable,True,2025-01-10 00:35:41
6371004,01,920910,Geldautomaat,Unavailable,False,2025-01-10 00:35:41
6372001,01,610796,Sealbag-automaat,Unavailable,False,2025-01-10 00:35:42
6372001,02,811041,Geld storten en opnemen,Unavailable,True,2025-01-10 00:35:42
6374001,01,813283,Geld storten en opnemen,Unavailable,True,2025-01-10 00:35:43
6411002,01,921535,Geldautomaat,Unavailable,False,2025-01-10 00:35:44
6411003,01,912313,Geldautomaat,Unavailable,False,2025-01-10 00:35:44
6411009,01,913275,Geldautomaat,Unavailable,False,2025-01-10 00:35:45
6411009,02,811130,Geld storten en opnemen,Unavailable,False,2025-01-10 00:35:45
6411009,03,610758,Sealbag-automaat,Unavailable,False,2025-01-10 00:35:45
6413001,01,811247,Geld storten en opnemen,Unavailable,True,2025-01-10 00:35:46
6413003,01,920434,Geldautomaat,Unavailable,False,2025-01-10 00:35:47
6415001,01,930152,Geldautomaat,Unavailable,False,2025-01-10 00:35:47
6416001,01,921047,Geldautomaat,Unavailable,False,2025-01-10 00:35:48
6418001,01,920551,Geldautomaat,Unavailable,False,2025-01-10 00:35:48
6419001,01,920299,Geldautomaat,Unavailable,False,2025-01-10 00:35:50
6419003,01,921009,Geldautomaat,Unavailable,False,2025-01-10 00:35:50
6431001,01,810514,Geld storten en opnemen,Unavailable,True,2025-01-10 00:35:51
6431001,02,610420,Sealbag-automaat,Unavailable,False,2025-01-10 00:35:51
6431002,01,921560,Geldautomaat,Unavailable,False,2025-01-10 00:35:51
6431003,01,930163,Geldautomaat,Unavailable,False,2025-01-10 00:35:52
6438001,01,610279,Sealbag-automaat,Unavailable,False,2025-01-10 00:35:53
6438001,02,920474,Geldautomaat,Unavailable,False,2025-01-10 00:35:53
6441001,01,921576,Geldautomaat,Unavailable,False,2025-01-10 00:35:53
6441002,01,921584,Geldautomaat,Unavailable,False,2025-01-10 00:35:54
6441004,01,812088,Geld storten en opnemen,Unavailable,True,2025-01-10 00:35:54
6444001,01,610324,Sealbag-automaat,Unavailable,False,2025-01-10 00:35:55
6444001,02,810358,Geld storten en opnemen,Unavailable,True,2025-01-10 00:35:55
6451001,01,810025,Geld storten en opnemen,Unavailable,True,2025-01-10 00:35:56
6461001,01,810531,Geld storten en opnemen,Unavailable,True,2025-01-10 00:35:56
6461001,02,810979,Geld storten en opnemen,Unavailable,True,2025-01-10 00:35:56
6461001,03,610432,Sealbag-automaat,Unavailable,False,2025-01-10 00:35:56
6461002,01,921588,Geldautomaat,Unavailable,False,2025-01-10 00:35:57
6462001,01,920336,Geldautomaat,Unavailable,False,2025-01-10 00:35:58
6463001,01,910432,Geldautomaat,Unavailable,False,2025-01-10 00:35:59
6466001,01,921592,Geldautomaat,Unavailable,False,2025-01-10 00:35:59
6466002,01,911408,Geldautomaat,Unavailable,False,2025-01-10 00:36:00
6466003,01,810056,Geld storten en opnemen,Unavailable,True,2025-01-10 00:36:01
6471002,01,920860,Geldautomaat,Unavailable,False,2025-01-10 00:36:01
6511001,01,811888,Geld storten en opnemen,Unavailable,True,2025-01-10 00:36:02
6511001,02,914006,Geldautomaat,Unavailable,False,2025-01-10 00:36:02
6511001,03,811840,Geld storten en opnemen,Unavailable,True,2025-01-10 00:36:02
6511002,01,930140,Geldautomaat,Unavailable,False,2025-01-10 00:36:02
6511004,01,910956,Geldautomaat,Available,False,2025-01-10 00:36:03
6511004,02,910955,Geldautomaat,Unavailable,False,2025-01-10 00:36:03
6511005,01,810200,Geld storten en opnemen,Available,True,2025-01-10 00:36:04
6511005,02,911727,Geldautomaat,Available,False,2025-01-10 00:36:04
6511005,03,812231,Geld storten en opnemen,Available,True,2025-01-10 00:36:04
6511005,04,610149,Sealbag-automaat,Unavailable,False,2025-01-10 00:36:04
6511009,01,610148,Sealbag-automaat,Unavailable,False,2025-01-10 00:36:04
6515001,01,921303,Geldautomaat,Unavailable,False,2025-01-10 00:36:05
6521002,01,811436,Geld storten en opnemen,Unavailable,True,2025-01-10 00:36:05
6521003,01,921435,Geldautomaat,Unavailable,False,2025-01-10 00:36:06
6523002,01,812535,Geld storten en opnemen,Unavailable,True,2025-01-10 00:36:07
6531001,01,921447,Geldautomaat,Unavailable,False,2025-01-10 00:36:07
6533001,01,810325,Geld storten en opnemen,Unavailable,True,2025-01-10 00:36:08
6533002,01,921458,Geldautomaat,Unavailable,False,2025-01-10 00:36:08
6533003,01,910996,Geldautomaat,Unavailable,False,2025-01-10 00:36:09
6535001,01,930059,Geldautomaat,Unavailable,False,2025-01-10 00:36:09
6535001,02,930060,Geldautomaat,Unavailable,False,2025-01-10 00:36:09
6535002,01,811666,Geld storten en opnemen,Unavailable,True,2025-01-10 00:36:10
6537001,01,921207,Geldautomaat,Unavailable,False,2025-01-10 00:36:11
6538001,01,810292,Geld storten en opnemen,Unavailable,True,2025-01-10 00:36:12
6538001,02,810293,Geld storten en opnemen,Unavailable,True,2025-01-10 00:36:12
6538002,01,921209,Geldautomaat,Unavailable,False,2025-01-10 00:36:13
6538003,01,911902,Geldautomaat,Unavailable,False,2025-01-10 00:36:13
6538005,01,913958,Geldautomaat,Unavailable,False,2025-01-10 00:36:14
6538008,01,811614,Geld storten en opnemen,Unavailable,True,2025-01-10 00:36:14
6542002,01,811454,Geld storten en opnemen,Unavailable,True,2025-01-10 00:36:15
6542003,01,921470,Geldautomaat,Unavailable,False,2025-01-10 00:36:16
6542004,01,920785,Geldautomaat,Unavailable,False,2025-01-10 00:36:16
6546001,01,920781,Geldautomaat,Unavailable,False,2025-01-10 00:36:17
6551001,01,920048,Geldautomaat,Unavailable,False,2025-01-10 00:36:18
6561001,01,921254,Geldautomaat,Unavailable,False,2025-01-10 00:36:19
6561002,01,811126,Geld storten en opnemen,Unavailable,True,2025-01-10 00:36:19
6566001,01,811149,Geld storten en opnemen,Unavailable,True,2025-01-10 00:36:20
6566002,01,810812,Geld storten en opnemen,Unavailable,True,2025-01-10 00:36:21
6571001,01,920907,Geldautomaat,Unavailable,False,2025-01-10 00:36:22
6573001,01,811077,Geld storten en opnemen,Unavailable,True,2025-01-10 00:36:22
6578001,01,812210,Geld storten en opnemen,Unavailable,True,2025-01-10 00:36:23
6581001,01,810980,Geld storten en opnemen,Unavailable,True,2025-01-10 00:36:24
6581002,01,921401,Geldautomaat,Unavailable,False,2025-01-10 00:36:24
6581007,01,611107,Sealbag-automaat,Unavailable,False,2025-01-10 00:36:25
6581007,02,921035,Geldautomaat,Unavailable,False,2025-01-10 00:36:25
6581008,01,812938,Geld storten en opnemen,Unavailable,True,2025-01-10 00:36:26
6584001,01,920093,Geldautomaat,Unavailable,False,2025-01-10 00:36:26
6585001,01,920873,Geldautomaat,Unavailable,False,2025-01-10 00:36:27
6591001,01,921412,Geldautomaat,Unavailable,False,2025-01-10 00:36:28
6591004,01,811412,Geld storten en opnemen,Unavailable,True,2025-01-10 00:36:28
6591007,01,811873,Geld storten en opnemen,Unavailable,True,2025-01-10 00:36:29
6591007,02,920826,Geldautomaat,Unavailable,False,2025-01-10 00:36:29
6596001,01,920875,Geldautomaat,Unavailable,False,2025-01-10 00:36:30
6602002,01,811033,Geld storten en opnemen,Unavailable,True,2025-01-10 00:36:31
6602002,02,610794,Sealbag-automaat,Available,False,2025-01-10 00:36:31
6602003,01,921284,Geldautomaat,Unavailable,False,2025-01-10 00:36:31
6602007,01,812116,Geld storten en opnemen,Unavailable,True,2025-01-10 00:36:32
6602008,01,811212,Geld storten en opnemen,Unavailable,True,2025-01-10 00:36:32
6605001,01,920893,Geldautomaat,Unavailable,False,2025-01-10 00:36:33
6611001,01,920327,Geldautomaat,Unavailable,False,2025-01-10 00:36:34
6617001,01,920903,Geldautomaat,Unavailable,False,2025-01-10 00:36:34
6621001,01,810026,Geld storten en opnemen,Unavailable,True,2025-01-10 00:36:35
6626001,01,920867,Geldautomaat,Unavailable,False,2025-01-10 00:36:35
6627001,01,920870,Geldautomaat,Unavailable,False,2025-01-10 00:36:36
6629001,01,920556,Geldautomaat,Unavailable,False,2025-01-10 00:36:36
6631001,01,920884,Geldautomaat,Unavailable,False,2025-01-10 00:36:37
6641001,01,810144,Geld storten en opnemen,Unavailable,True,2025-01-10 00:36:38
6641002,01,921691,Geldautomaat,Unavailable,False,2025-01-10 00:36:38
6641003,01,911589,Geldautomaat,Unavailable,False,2025-01-10 00:36:39
6641003,02,610084,Sealbag-automaat,Unavailable,False,2025-01-10 00:36:39
6641005,01,812519,Geld storten en opnemen,Unavailable,True,2025-01-10 00:36:40
6641006,01,812542,Geld storten en opnemen,Unavailable,True,2025-01-10 00:36:40
6645001,01,921040,Geldautomaat,Unavailable,False,2025-01-10 00:36:41
6651002,01,920886,Geldautomaat,Unavailable,False,2025-01-10 00:36:41
6651003,01,811108,Geld storten en opnemen,Unavailable,True,2025-01-10 00:36:42
6651005,01,812522,Geld storten en opnemen,Unavailable,True,2025-01-10 00:36:43
6652001,01,921420,Geldautomaat,Unavailable,False,2025-01-10 00:36:43
6658001,01,811744,Geld storten en opnemen,Unavailable,True,2025-01-10 00:36:44
6658002,01,610576,Sealbag-automaat,Available,False,2025-01-10 00:36:44
6658005,01,812262,Geld storten en opnemen,Unavailable,True,2025-01-10 00:36:45
6659001,01,920065,Geldautomaat,Unavailable,False,2025-01-10 00:36:46
6661001,01,921928,Geldautomaat,Unavailable,False,2025-01-10 00:36:46
6661004,01,930077,Geldautomaat,Unavailable,False,2025-01-10 00:36:47
6661004,02,812822,Geld storten en opnemen,Unavailable,True,2025-01-10 00:36:47
6661004,03,611438,Sealbag-automaat,Unavailable,False,2025-01-10 00:36:47
6661006,01,811510,Geld storten en opnemen,Unavailable,True,2025-01-10 00:36:47
6663001,01,920921,Geldautomaat,Unavailable,False,2025-01-10 00:36:48
6665001,01,921493,Geldautomaat,Unavailable,False,2025-01-10 00:36:49
6666001,01,920933,Geldautomaat,Unavailable,False,2025-01-10 00:36:49
6669001,01,920008,Geldautomaat,Unavailable,False,2025-01-10 00:36:50
6671001,01,921596,Geldautomaat,Unavailable,False,2025-01-10 00:36:50
6671002,01,610227,Sealbag-automaat,Unavailable,False,2025-01-10 00:36:51
6674001,01,920858,Geldautomaat,Unavailable,False,2025-01-10 00:36:52
6681001,01,810138,Geld storten en opnemen,Unavailable,True,2025-01-10 00:36:52
6681002,01,921724,Geldautomaat,Unavailable,False,2025-01-10 00:36:53
6681003,01,610076,Sealbag-automaat,Unavailable,False,2025-01-10 00:36:53
6681003,02,920577,Geldautomaat,Unavailable,False,2025-01-10 00:36:53
6681003,03,920510,Geldautomaat,Unavailable,False,2025-01-10 00:36:53
6686001,01,920361,Geldautomaat,Unavailable,False,2025-01-10 00:36:54
6687001,01,920724,Geldautomaat,Unavailable,False,2025-01-10 00:36:55
6691002,01,921727,Geldautomaat,Unavailable,False,2025-01-10 00:36:55
6691004,01,812565,Geld storten en opnemen,Unavailable,True,2025-01-10 00:36:56
6701002,01,810642,Geld storten en opnemen,Unavailable,True,2025-01-10 00:36:56
6701003,01,812113,Geld storten en opnemen,Unavailable,True,2025-01-10 00:36:57
6706001,01,930027,Geldautomaat,Unavailable,False,2025-01-10 00:36:58
6707001,01,921527,Geldautomaat,Unavailable,False,2025-01-10 00:36:58
6708001,01,920207,Geldautomaat,Unavailable,False,2025-01-10 00:36:59
6711001,01,611407,Sealbag-automaat,Unavailable,False,2025-01-10 00:36:59
6711002,01,921528,Geldautomaat,Unavailable,False,2025-01-10 00:37:00
6711006,01,811509,Geld storten en opnemen,Unavailable,True,2025-01-10 00:37:00
6711007,01,811708,Geld storten en opnemen,Unavailable,True,2025-01-10 00:37:01
6713001,01,910060,Geldautomaat,Unavailable,False,2025-01-10 00:37:02
6714001,01,811051,Geld storten en opnemen,Unavailable,True,2025-01-10 00:37:02
6714004,01,920508,Geldautomaat,Unavailable,False,2025-01-10 00:37:03
6716001,01,922005,Geldautomaat,Unavailable,False,2025-01-10 00:37:03
6716003,01,921339,Geldautomaat,Unavailable,False,2025-01-10 00:37:04
6716004,01,810350,Geld storten en opnemen,Unavailable,True,2025-01-10 00:37:05
6717001,01,921341,Geldautomaat,Unavailable,False,2025-01-10 00:37:05
6717002,01,812634,Geld storten en opnemen,Unavailable,True,2025-01-10 00:37:06
6718001,01,921538,Geldautomaat,Unavailable,False,2025-01-10 00:37:06
6721001,01,810139,Geld storten en opnemen,Unavailable,True,2025-01-10 00:37:07
6721001,02,610077,Sealbag-automaat,Unavailable,False,2025-01-10 00:37:07
6721002,01,921542,Geldautomaat,Unavailable,False,2025-01-10 00:37:08
6731001,01,812197,Geld storten en opnemen,Unavailable,True,2025-01-10 00:37:08
6732002,01,813045,Geld storten en opnemen,Unavailable,True,2025-01-10 00:37:09
6733001,01,911097,Geldautomaat,Unavailable,False,2025-01-10 00:37:09
6733002,01,930185,Geldautomaat,Unavailable,False,2025-01-10 00:37:10
6741001,01,921561,Geldautomaat,Unavailable,False,2025-01-10 00:37:11
6741002,01,610631,Sealbag-automaat,Unavailable,False,2025-01-10 00:37:11
6741002,02,913613,Geldautomaat,Unavailable,False,2025-01-10 00:37:11
6741004,01,811712,Geld storten en opnemen,Unavailable,True,2025-01-10 00:37:12
6744001,01,920385,Geldautomaat,Unavailable,False,2025-01-10 00:37:13
6811001,01,810364,Geld storten en opnemen,Unavailable,True,2025-01-10 00:37:13
6811002,01,611523,Sealbag-automaat,Available,False,2025-01-10 00:37:14
6811002,02,812081,Geld storten en opnemen,Unavailable,True,2025-01-10 00:37:14
6811003,01,912075,Geldautomaat,Unavailable,False,2025-01-10 00:37:14
6811003,02,912076,Geldautomaat,Unavailable,False,2025-01-10 00:37:14
6811004,01,921153,Geldautomaat,Unavailable,False,2025-01-10 00:37:15
6811007,01,810340,Geld storten en opnemen,Unavailable,True,2025-01-10 00:37:16
6811007,02,914156,Geldautomaat,Unavailable,False,2025-01-10 00:37:16
6811009,01,811485,Geld storten en opnemen,Unavailable,True,2025-01-10 00:37:16
6814002,01,930171,Geldautomaat,Unavailable,False,2025-01-10 00:37:17
6814003,01,811307,Geld storten en opnemen,Unavailable,True,2025-01-10 00:37:18
6815001,01,920435,Geldautomaat,Unavailable,False,2025-01-10 00:37:18
6822001,01,921197,Geldautomaat,Unavailable,False,2025-01-10 00:37:19
6822003,01,810407,Geld storten en opnemen,Unavailable,True,2025-01-10 00:37:20
6824002,01,921562,Geldautomaat,Unavailable,False,2025-01-10 00:37:20
6826001,01,810712,Geld storten en opnemen,Unavailable,True,2025-01-10 00:37:21
6826002,01,921298,Geldautomaat,Unavailable,False,2025-01-10 00:37:21
6826005,01,810729,Geld storten en opnemen,Unavailable,False,2025-01-10 00:37:22
6826007,01,812858,Geld storten en opnemen,Unavailable,True,2025-01-10 00:37:23
6828001,01,930120,Geldautomaat,Unavailable,False,2025-01-10 00:37:23
6828002,01,812082,Geld storten en opnemen,Unavailable,True,2025-01-10 00:37:24
6831001,01,921308,Geldautomaat,Unavailable,False,2025-01-10 00:37:24
6831002,01,920440,Geldautomaat,Unavailable,False,2025-01-10 00:37:25
6831002,02,610880,Sealbag-automaat,Unavailable,False,2025-01-10 00:37:25
6831002,03,810947,Geld storten en opnemen,Unavailable,True,2025-01-10 00:37:25
6831005,01,811910,Geld storten en opnemen,Unavailable,True,2025-01-10 00:37:26
6831006,01,812854,Geld storten en opnemen,Unavailable,True,2025-01-10 00:37:26
6832001,01,811788,Geld storten en opnemen,Unavailable,True,2025-01-10 00:37:27
6832002,01,921517,Geldautomaat,Unavailable,False,2025-01-10 00:37:28
6835002,01,921648,Geldautomaat,Unavailable,False,2025-01-10 00:37:28
6836002,01,921026,Geldautomaat,Unavailable,False,2025-01-10 00:37:29
6836003,01,812540,Geld storten en opnemen,Unavailable,True,2025-01-10 00:37:29
6843002,01,920725,Geldautomaat,Unavailable,False,2025-01-10 00:37:30
6843004,01,812182,Geld storten en opnemen,Unavailable,True,2025-01-10 00:37:30
6845001,01,920941,Geldautomaat,Unavailable,False,2025-01-10 00:37:31
6845002,01,812690,Geld storten en opnemen,Unavailable,True,2025-01-10 00:37:32
6846001,01,921799,Geldautomaat,Unavailable,False,2025-01-10 00:37:32
6846002,01,812541,Geld storten en opnemen,Unavailable,True,2025-01-10 00:37:33
6851001,01,810184,Geld storten en opnemen,Unavailable,True,2025-01-10 00:37:33
6851002,01,930190,Geldautomaat,Unavailable,False,2025-01-10 00:37:34
6851003,01,810185,Geld storten en opnemen,Unavailable,True,2025-01-10 00:37:35
6851006,01,812568,Geld storten en opnemen,Unavailable,True,2025-01-10 00:37:35
6852001,01,812620,Geld storten en opnemen,Unavailable,True,2025-01-10 00:37:36
6861001,01,921741,Geldautomaat,Unavailable,False,2025-01-10 00:37:36
6861003,01,811588,Geld storten en opnemen,Unavailable,True,2025-01-10 00:37:37
6862001,01,610906,Sealbag-automaat,Unavailable,False,2025-01-10 00:37:38
6862001,02,810213,Geld storten en opnemen,Unavailable,True,2025-01-10 00:37:38
6865003,01,812416,Geld storten en opnemen,Unavailable,True,2025-01-10 00:37:38
6866001,01,920043,Geldautomaat,Unavailable,False,2025-01-10 00:37:39
6871001,01,811167,Geld storten en opnemen,Unavailable,True,2025-01-10 00:37:39
6871002,01,921643,Geldautomaat,Unavailable,False,2025-01-10 00:37:40
6881001,01,811722,Geld storten en opnemen,Unavailable,True,2025-01-10 00:37:41
6881001,02,810629,Geld storten en opnemen,Unavailable,True,2025-01-10 00:37:41
6881001,03,610494,Sealbag-automaat,Unavailable,False,2025-01-10 00:37:41
6881002,01,921800,Geldautomaat,Unavailable,False,2025-01-10 00:37:41
6901002,01,921214,Geldautomaat,Unavailable,False,2025-01-10 00:37:42
6901005,01,811604,Geld storten en opnemen,Unavailable,True,2025-01-10 00:37:42
6901006,01,811381,Geld storten en opnemen,Unavailable,True,2025-01-10 00:37:43
6901007,01,812435,Geld storten en opnemen,Unavailable,True,2025-01-10 00:37:44
6903001,01,920961,Geldautomaat,Unavailable,False,2025-01-10 00:37:44
6909001,01,920742,Geldautomaat,Unavailable,False,2025-01-10 00:37:45
6911001,01,920755,Geldautomaat,Unavailable,False,2025-01-10 00:37:45
6915001,01,920789,Geldautomaat,Unavailable,False,2025-01-10 00:37:46
6921002,01,921778,Geldautomaat,Unavailable,False,2025-01-10 00:37:47
6921003,01,920816,Geldautomaat,Unavailable,False,2025-01-10 00:37:47
6921003,02,610098,Sealbag-automaat,Unavailable,False,2025-01-10 00:37:47
6921006,01,811924,Geld storten en opnemen,Unavailable,True,2025-01-10 00:37:48
6931001,01,921058,Geldautomaat,Unavailable,False,2025-01-10 00:37:48
6931002,01,811209,Geld storten en opnemen,Unavailable,True,2025-01-10 00:37:49
6931002,02,610214,Sealbag-automaat,Unavailable,False,2025-01-10 00:37:49
6932001,01,920531,Geldautomaat,Unavailable,False,2025-01-10 00:37:50
6942001,01,610992,Sealbag-automaat,Unavailable,False,2025-01-10 00:37:51
6942001,02,810774,Geld storten en opnemen,Unavailable,True,2025-01-10 00:37:51
6942004,01,921279,Geldautomaat,Unavailable,False,2025-01-10 00:37:52
6942005,01,812520,Geld storten en opnemen,Unavailable,True,2025-01-10 00:37:52
6951001,01,810096,Geld storten en opnemen,Unavailable,True,2025-01-10 00:37:53
6951001,02,611032,Sealbag-automaat,Unavailable,False,2025-01-10 00:37:53
6951002,01,921221,Geldautomaat,Unavailable,False,2025-01-10 00:37:54
6951003,01,811803,Geld storten en opnemen,Unavailable,True,2025-01-10 00:37:54
6961001,01,810779,Geld storten en opnemen,Unavailable,True,2025-01-10 00:37:55
6961002,01,811111,Geld storten en opnemen,Unavailable,True,2025-01-10 00:37:55
6961003,01,912682,Geldautomaat,Unavailable,False,2025-01-10 00:37:56
6961003,02,610782,Sealbag-automaat,Unavailable,False,2025-01-10 00:37:56
6971003,01,811881,Geld storten en opnemen,Unavailable,True,2025-01-10 00:37:57
6981002,01,921779,Geldautomaat,Unavailable,False,2025-01-10 00:37:57
6981005,01,811784,Geld storten en opnemen,Unavailable,True,2025-01-10 00:37:58
6991001,01,921234,Geldautomaat,Unavailable,False,2025-01-10 00:37:58
6991002,01,810024,Geld storten en opnemen,Unavailable,True,2025-01-10 00:37:59
6999002,01,812097,Geld storten en opnemen,Unavailable,True,2025-01-10 00:38:00
7001002,01,921222,Geldautomaat,Unavailable,False,2025-01-10 00:38:00
7001006,01,812921,Geld storten en opnemen,Unavailable,True,2025-01-10 00:38:01
7001007,01,813024,Geld storten en opnemen,Unavailable,True,2025-01-10 00:38:02
7001007,02,611475,Sealbag-automaat,Unavailable,False,2025-01-10 00:38:02
7001007,03,920311,Geldautomaat,Unavailable,False,2025-01-10 00:38:02
7001008,01,813027,Geld storten en opnemen,Unavailable,True,2025-01-10 00:38:03
7001008,02,813026,Geld storten en opnemen,Unavailable,True,2025-01-10 00:38:03
7001008,03,813029,Geld storten en opnemen,Unavailable,True,2025-01-10 00:38:03
7001008,04,813025,Geld storten en opnemen,Unavailable,True,2025-01-10 00:38:03
7001008,05,813028,Geld storten en opnemen,Unavailable,True,2025-01-10 00:38:03
7002002,01,921182,Geldautomaat,Unavailable,False,2025-01-10 00:38:03
7006002,01,913124,Geldautomaat,Unavailable,False,2025-01-10 00:38:04
7008001,01,921239,Geldautomaat,Unavailable,False,2025-01-10 00:38:04
7009001,01,920333,Geldautomaat,Unavailable,False,2025-01-10 00:38:05
7009002,01,920116,Geldautomaat,Unavailable,False,2025-01-10 00:38:06
7011001,01,921045,Geldautomaat,Unavailable,False,2025-01-10 00:38:06
7021001,01,914120,Geldautomaat,Unavailable,False,2025-01-10 00:38:07
7021002,01,810071,Geld storten en opnemen,Unavailable,True,2025-01-10 00:38:07
7031001,01,610213,Sealbag-automaat,Available,False,2025-01-10 00:38:08
7031001,02,920328,Geldautomaat,Unavailable,False,2025-01-10 00:38:08
7037001,01,920817,Geldautomaat,Unavailable,False,2025-01-10 00:38:09
7041002,01,811173,Geld storten en opnemen,Unavailable,True,2025-01-10 00:38:09
7051001,01,810262,Geld storten en opnemen,Unavailable,True,2025-01-10 00:38:10
7051002,01,920603,Geldautomaat,Unavailable,False,2025-01-10 00:38:10
7051002,02,610208,Sealbag-automaat,Unavailable,False,2025-01-10 00:38:10
7061002,01,920334,Geldautomaat,Unavailable,False,2025-01-10 00:38:11
7061002,02,610196,Sealbag-automaat,Unavailable,False,2025-01-10 00:38:11
7064001,01,921043,Geldautomaat,Unavailable,False,2025-01-10 00:38:12
7071001,01,921062,Geldautomaat,Unavailable,False,2025-01-10 00:38:12
7071004,01,811371,Geld storten en opnemen,Unavailable,True,2025-01-10 00:38:13
7081001,01,813048,Geld storten en opnemen,Unavailable,True,2025-01-10 00:38:13
7091005,01,812514,Geld storten en opnemen,Unavailable,True,2025-01-10 00:38:14
7101001,01,921076,Geldautomaat,Unavailable,False,2025-01-10 00:38:15
7101003,01,811723,Geld storten en opnemen,Unavailable,True,2025-01-10 00:38:15
7101005,01,811945,Geld storten en opnemen,Unavailable,False,2025-01-10 00:38:16
7101005,02,611121,Sealbag-automaat,Unavailable,False,2025-01-10 00:38:16
7121001,01,810115,Geld storten en opnemen,Unavailable,True,2025-01-10 00:38:16
7121002,01,610049,Sealbag-automaat,Unavailable,False,2025-01-10 00:38:17
7121003,01,811886,Geld storten en opnemen,Unavailable,True,2025-01-10 00:38:18
7122001,01,921085,Geldautomaat,Unavailable,False,2025-01-10 00:38:18
7131002,01,930177,Geldautomaat,Unavailable,False,2025-01-10 00:38:19
7131003,01,811140,Geld storten en opnemen,Unavailable,True,2025-01-10 00:38:19
7131005,01,811893,Geld storten en opnemen,Unavailable,True,2025-01-10 00:38:20
7131005,02,610903,Sealbag-automaat,Unavailable,False,2025-01-10 00:38:20
7136001,01,920117,Geldautomaat,Unavailable,False,2025-01-10 00:38:20
7141001,01,921757,Geldautomaat,Unavailable,False,2025-01-10 00:38:21
7141002,01,810174,Geld storten en opnemen,Unavailable,True,2025-01-10 00:38:22
7151001,01,810160,Geld storten en opnemen,Unavailable,True,2025-01-10 00:38:22
7151002,01,921477,Geldautomaat,Unavailable,False,2025-01-10 00:38:23
7151003,01,920348,Geldautomaat,Unavailable,False,2025-01-10 00:38:23
7151003,02,610101,Sealbag-automaat,Unavailable,False,2025-01-10 00:38:23
7156001,01,920623,Geldautomaat,Unavailable,False,2025-01-10 00:38:24
7161002,01,921115,Geldautomaat,Unavailable,False,2025-01-10 00:38:25
7161003,01,610144,Sealbag-automaat,Unavailable,False,2025-01-10 00:38:25
7161003,02,920349,Geldautomaat,Unavailable,False,2025-01-10 00:38:25
7201001,01,921280,Geldautomaat,Unavailable,False,2025-01-10 00:38:26
7201003,01,611410,Sealbag-automaat,Unavailable,False,2025-01-10 00:38:26
7201005,01,810671,Geld storten en opnemen,Unavailable,True,2025-01-10 00:38:27
7201006,01,812059,Geld storten en opnemen,Unavailable,True,2025-01-10 00:38:27
7201009,01,813003,Geld storten en opnemen,Unavailable,True,2025-01-10 00:38:28
7206001,01,921758,Geldautomaat,Unavailable,False,2025-01-10 00:38:29
7206002,01,920908,Geldautomaat,Unavailable,False,2025-01-10 00:38:29
7207001,01,812890,Geld storten en opnemen,Unavailable,True,2025-01-10 00:38:30
7213002,01,911656,Geldautomaat,Unavailable,False,2025-01-10 00:38:30
7213003,01,811124,Geld storten en opnemen,Unavailable,True,2025-01-10 00:38:31
7218001,01,812080,Geld storten en opnemen,Unavailable,True,2025-01-10 00:38:32
7221001,01,912900,Geldautomaat,Unavailable,False,2025-01-10 00:38:32
7232001,01,921131,Geldautomaat,Unavailable,False,2025-01-10 00:38:33
7232002,01,920909,Geldautomaat,Unavailable,False,2025-01-10 00:38:33
7241001,01,921132,Geldautomaat,Unavailable,False,2025-01-10 00:38:34
7241003,01,811341,Geld storten en opnemen,Unavailable,True,2025-01-10 00:38:35
7242001,01,912969,Geldautomaat,Unavailable,False,2025-01-10 00:38:35
7242001,02,811141,Geld storten en opnemen,Unavailable,False,2025-01-10 00:38:35
7242001,03,610636,Sealbag-automaat,Unavailable,False,2025-01-10 00:38:35
7245001,01,920403,Geldautomaat,Unavailable,False,2025-01-10 00:38:36
7251001,01,810267,Geld storten en opnemen,Unavailable,True,2025-01-10 00:38:36
7251001,02,610218,Sealbag-automaat,Unavailable,False,2025-01-10 00:38:36
7251002,01,921242,Geldautomaat,Unavailable,False,2025-01-10 00:38:37
7251003,01,811039,Geld storten en opnemen,Unavailable,True,2025-01-10 00:38:38
7255001,01,921231,Geldautomaat,Unavailable,False,2025-01-10 00:38:38
7255002,01,911106,Geldautomaat,Unavailable,False,2025-01-10 00:38:39
7261001,01,911044,Geldautomaat,Unavailable,False,2025-01-10 00:38:39
7271001,01,921077,Geldautomaat,Unavailable,False,2025-01-10 00:38:40
7271002,01,911591,Geldautomaat,Unavailable,False,2025-01-10 00:38:41
7271005,01,812561,Geld storten en opnemen,Unavailable,True,2025-01-10 00:38:41
7311001,01,921693,Geldautomaat,Unavailable,False,2025-01-10 00:38:42
7311002,01,914170,Geldautomaat,Unavailable,False,2025-01-10 00:38:42
7311002,02,611359,Sealbag-automaat,Unavailable,False,2025-01-10 00:38:42
7311006,01,810435,Geld storten en opnemen,Unavailable,True,2025-01-10 00:38:44
7311007,01,611387,Sealbag-automaat,Unavailable,False,2025-01-10 00:38:44
7311007,02,812471,Geld storten en opnemen,Unavailable,True,2025-01-10 00:38:44
7311007,03,812472,Geld storten en opnemen,Unavailable,True,2025-01-10 00:38:44
7312001,01,911077,Geldautomaat,Unavailable,False,2025-01-10 00:38:45
7312002,01,921119,Geldautomaat,Unavailable,False,2025-01-10 00:38:46
7314001,01,810049,Geld storten en opnemen,Unavailable,True,2025-01-10 00:38:46
7315001,01,812864,Geld storten en opnemen,Unavailable,True,2025-01-10 00:38:47
7316001,01,920609,Geldautomaat,Unavailable,False,2025-01-10 00:38:47
7316002,01,812975,Geld storten en opnemen,Unavailable,True,2025-01-10 00:38:48
7322001,01,811233,Geld storten en opnemen,Unavailable,True,2025-01-10 00:38:49
7323002,01,921122,Geldautomaat,Unavailable,False,2025-01-10 00:38:49
7323005,01,811399,Geld storten en opnemen,Unavailable,True,2025-01-10 00:38:50
7325001,01,921138,Geldautomaat,Unavailable,False,2025-01-10 00:38:50
7325002,01,911063,Geldautomaat,Unavailable,False,2025-01-10 00:38:51
7329001,01,921223,Geldautomaat,Unavailable,False,2025-01-10 00:38:52
7329004,01,811438,Geld storten en opnemen,Unavailable,True,2025-01-10 00:38:52
7331001,01,920239,Geldautomaat,Unavailable,False,2025-01-10 00:38:53
7331002,01,921224,Geldautomaat,Unavailable,False,2025-01-10 00:38:53
7331003,01,812660,Geld storten en opnemen,Unavailable,True,2025-01-10 00:38:54
7333001,01,812168,Geld storten en opnemen,Unavailable,True,2025-01-10 00:38:55
7339001,01,921141,Geldautomaat,Unavailable,False,2025-01-10 00:38:55
7339002,01,812630,Geld storten en opnemen,Unavailable,True,2025-01-10 00:38:56
7351001,01,920131,Geldautomaat,Unavailable,False,2025-01-10 00:38:57
7361001,01,921152,Geldautomaat,Unavailable,False,2025-01-10 00:38:57
7361002,01,920515,Geldautomaat,Unavailable,False,2025-01-10 00:38:58
7371001,01,920005,Geldautomaat,Unavailable,False,2025-01-10 00:38:58
7382001,01,920006,Geldautomaat,Unavailable,False,2025-01-10 00:38:59
7391002,01,921157,Geldautomaat,Unavailable,False,2025-01-10 00:38:59
7391005,01,811579,Geld storten en opnemen,Unavailable,True,2025-01-10 00:39:00
7396001,01,611362,Sealbag-automaat,Unavailable,False,2025-01-10 00:39:01
7396001,02,920955,Geldautomaat,Unavailable,False,2025-01-10 00:39:01
7411001,01,921126,Geldautomaat,Unavailable,False,2025-01-10 00:39:02
7411006,01,811504,Geld storten en opnemen,Unavailable,True,2025-01-10 00:39:02
7411007,01,810471,Geld storten en opnemen,Unavailable,True,2025-01-10 00:39:03
7411011,01,611402,Sealbag-automaat,Available,False,2025-01-10 00:39:03
7411011,02,920225,Geldautomaat,Unavailable,False,2025-01-10 00:39:03
7411011,03,920228,Geldautomaat,Unavailable,False,2025-01-10 00:39:03
7411012,01,812644,Geld storten en opnemen,Unavailable,True,2025-01-10 00:39:04
7411012,02,812708,Geld storten en opnemen,Unavailable,True,2025-01-10 00:39:04
7411012,03,812643,Geld storten en opnemen,Unavailable,True,2025-01-10 00:39:04
7411012,04,812645,Geld storten en opnemen,Unavailable,True,2025-01-10 00:39:04
7411012,05,812646,Geld storten en opnemen,Unavailable,True,2025-01-10 00:39:04
7412001,01,921133,Geldautomaat,Unavailable,False,2025-01-10 00:39:05
7412002,01,920511,Geldautomaat,Unavailable,False,2025-01-10 00:39:05
7415001,01,913952,Geldautomaat,Unavailable,False,2025-01-10 00:39:06
7415002,01,921347,Geldautomaat,Unavailable,False,2025-01-10 00:39:07
7415003,01,920535,Geldautomaat,Unavailable,False,2025-01-10 00:39:07
7415005,01,812787,Geld storten en opnemen,Unavailable,True,2025-01-10 00:39:08
7416001,01,920028,Geldautomaat,Unavailable,False,2025-01-10 00:39:08
7422001,01,810294,Geld storten en opnemen,Unavailable,True,2025-01-10 00:39:09
7422002,01,930118,Geldautomaat,Unavailable,False,2025-01-10 00:39:10
7422003,01,811242,Geld storten en opnemen,Unavailable,True,2025-01-10 00:39:10
7425001,01,930117,Geldautomaat,Unavailable,False,2025-01-10 00:39:11
7425002,01,910969,Geldautomaat,Unavailable,False,2025-01-10 00:39:11
7431001,01,922015,Geldautomaat,Unavailable,False,2025-01-10 00:39:12
7433002,01,920697,Geldautomaat,Unavailable,False,2025-01-10 00:39:13
7434001,01,920516,Geldautomaat,Unavailable,False,2025-01-10 00:39:13
7437002,01,920031,Geldautomaat,Unavailable,False,2025-01-10 00:39:14
7442001,01,921160,Geldautomaat,Unavailable,False,2025-01-10 00:39:14
7442002,01,920341,Geldautomaat,Unavailable,False,2025-01-10 00:39:15
7442002,02,811157,Geld storten en opnemen,Unavailable,True,2025-01-10 00:39:15
7442002,03,610637,Sealbag-automaat,Unavailable,False,2025-01-10 00:39:15
7443001,01,920436,Geldautomaat,Unavailable,False,2025-01-10 00:39:16
7447001,01,921166,Geldautomaat,Unavailable,False,2025-01-10 00:39:17
7447002,01,920400,Geldautomaat,Unavailable,False,2025-01-10 00:39:17
7448001,01,920727,Geldautomaat,Unavailable,False,2025-01-10 00:39:18
7451002,01,914718,Geldautomaat,Unavailable,False,2025-01-10 00:39:18
7451002,02,812393,Geld storten en opnemen,Unavailable,True,2025-01-10 00:39:18
7451004,01,921081,Geldautomaat,Unavailable,False,2025-01-10 00:39:19
7461001,01,921155,Geldautomaat,Unavailable,False,2025-01-10 00:39:20
7462001,01,920448,Geldautomaat,Unavailable,False,2025-01-10 00:39:20
7462004,01,811565,Geld storten en opnemen,Unavailable,True,2025-01-10 00:39:21
7462005,01,810228,Geld storten en opnemen,Unavailable,True,2025-01-10 00:39:21
7462006,01,813053,Geld storten en opnemen,Unavailable,True,2025-01-10 00:39:22
7462006,02,611483,Sealbag-automaat,Unavailable,False,2025-01-10 00:39:22
7468001,01,921163,Geldautomaat,Unavailable,False,2025-01-10 00:39:23
7468003,01,810486,Geld storten en opnemen,Unavailable,True,2025-01-10 00:39:23
7471001,01,810171,Geld storten en opnemen,Unavailable,True,2025-01-10 00:39:24
7471001,02,610113,Sealbag-automaat,Unavailable,False,2025-01-10 00:39:24
7471002,01,921167,Geldautomaat,Unavailable,False,2025-01-10 00:39:24
7471003,01,811123,Geld storten en opnemen,Unavailable,True,2025-01-10 00:39:25
7475001,01,610140,Sealbag-automaat,Unavailable,False,2025-01-10 00:39:26
7475001,02,921011,Geldautomaat,Unavailable,False,2025-01-10 00:39:26
7478001,01,920626,Geldautomaat,Unavailable,False,2025-01-10 00:39:26
7481001,01,921170,Geldautomaat,Unavailable,False,2025-01-10 00:39:27
7481002,01,920060,Geldautomaat,Unavailable,False,2025-01-10 00:39:27
7481003,01,920915,Geldautomaat,Unavailable,False,2025-01-10 00:39:28
7481007,01,810502,Geld storten en opnemen,Unavailable,True,2025-01-10 00:39:29
7481009,01,811413,Geld storten en opnemen,Unavailable,True,2025-01-10 00:39:29
7491001,01,921174,Geldautomaat,Unavailable,False,2025-01-10 00:39:30
7491002,01,610316,Sealbag-automaat,Unavailable,False,2025-01-10 00:39:30
7491002,02,810369,Geld storten en opnemen,Unavailable,True,2025-01-10 00:39:30
7491002,03,920636,Geldautomaat,Unavailable,False,2025-01-10 00:39:30
7491005,01,812694,Geld storten en opnemen,Unavailable,True,2025-01-10 00:39:31
7496001,01,920309,Geldautomaat,Unavailable,False,2025-01-10 00:39:32
7497001,01,920050,Geldautomaat,Unavailable,False,2025-01-10 00:39:32
7511002,01,920730,Geldautomaat,Unavailable,False,2025-01-10 00:39:33
7511003,01,921374,Geldautomaat,Unavailable,False,2025-01-10 00:39:33
7511004,01,911634,Geldautomaat,Available,False,2025-01-10 00:39:34
7511005,01,812984,Geld storten en opnemen,Unavailable,True,2025-01-10 00:39:35
7511006,01,920059,Geldautomaat,Unavailable,False,2025-01-10 00:39:35
7511011,01,610102,Sealbag-automaat,Unavailable,False,2025-01-10 00:39:36
7511011,02,811829,Geld storten en opnemen,Unavailable,True,2025-01-10 00:39:36
7511011,03,810161,Geld storten en opnemen,Unavailable,True,2025-01-10 00:39:36
7511011,04,913838,Geldautomaat,Unavailable,False,2025-01-10 00:39:36
7513002,01,920091,Geldautomaat,Unavailable,False,2025-01-10 00:39:37
7514001,01,610238,Sealbag-automaat,Unavailable,False,2025-01-10 00:39:38
7514001,02,920644,Geldautomaat,Unavailable,False,2025-01-10 00:39:38
7521002,01,930097,Geldautomaat,Unavailable,False,2025-01-10 00:39:38
7521004,01,810163,Geld storten en opnemen,Unavailable,True,2025-01-10 00:39:39
7522002,01,910043,Geldautomaat,Unavailable,False,2025-01-10 00:39:39
7523001,01,921385,Geldautomaat,Unavailable,False,2025-01-10 00:39:40
7523002,01,921021,Geldautomaat,Unavailable,False,2025-01-10 00:39:41
7523004,01,811280,Geld storten en opnemen,Unavailable,True,2025-01-10 00:39:42
7523005,01,920314,Geldautomaat,Unavailable,False,2025-01-10 00:39:42
7524003,01,920051,Geldautomaat,Unavailable,False,2025-01-10 00:39:43
7533001,01,921105,Geldautomaat,Unavailable,False,2025-01-10 00:39:44
7533006,01,812410,Geld storten en opnemen,Unavailable,True,2025-01-10 00:39:44
7534001,01,812334,Geld storten en opnemen,Unavailable,True,2025-01-10 00:39:45
7534002,01,921360,Geldautomaat,Unavailable,False,2025-01-10 00:39:45
7534003,01,811664,Geld storten en opnemen,Unavailable,True,2025-01-10 00:39:46
7542001,01,921375,Geldautomaat,Unavailable,False,2025-01-10 00:39:47
7542003,01,812589,Geld storten en opnemen,Unavailable,False,2025-01-10 00:39:47
7543001,01,920792,Geldautomaat,Unavailable,False,2025-01-10 00:39:48
7543001,02,920798,Geldautomaat,Unavailable,False,2025-01-10 00:39:48
7544001,01,810128,Geld storten en opnemen,Unavailable,True,2025-01-10 00:39:49
7544001,02,810127,Geld storten en opnemen,Unavailable,True,2025-01-10 00:39:49
7544004,01,921117,Geldautomaat,Unavailable,False,2025-01-10 00:39:49
7545002,01,921646,Geldautomaat,Unavailable,False,2025-01-10 00:39:50
7545003,01,921029,Geldautomaat,Unavailable,False,2025-01-10 00:39:50
7545003,02,811676,Geld storten en opnemen,Unavailable,True,2025-01-10 00:39:50
7546001,01,920588,Geldautomaat,Unavailable,False,2025-01-10 00:39:51
7548001,01,920913,Geldautomaat,Unavailable,False,2025-01-10 00:39:52
7551001,01,921257,Geldautomaat,Unavailable,False,2025-01-10 00:39:52
7551002,01,611499,Sealbag-automaat,Unavailable,False,2025-01-10 00:39:53
7551002,02,930062,Geldautomaat,Unavailable,False,2025-01-10 00:39:53
7551006,01,811531,Geld storten en opnemen,Unavailable,True,2025-01-10 00:39:53
7552001,01,921658,Geldautomaat,Unavailable,False,2025-01-10 00:39:54
7552002,01,811246,Geld storten en opnemen,Unavailable,False,2025-01-10 00:39:54
7553001,01,921734,Geldautomaat,Unavailable,False,2025-01-10 00:39:55
7553002,01,920735,Geldautomaat,Unavailable,False,2025-01-10 00:39:56
7554001,01,920307,Geldautomaat,Unavailable,False,2025-01-10 00:39:56
7556001,01,920233,Geldautomaat,Unavailable,False,2025-01-10 00:39:57
7557001,01,920753,Geldautomaat,Unavailable,False,2025-01-10 00:39:57
7558001,01,810301,Geld storten en opnemen,Unavailable,True,2025-01-10 00:39:58
7558002,01,921297,Geldautomaat,Unavailable,False,2025-01-10 00:39:59
7558003,01,911920,Geldautomaat,Unavailable,False,2025-01-10 00:39:59
7558005,01,812275,Geld storten en opnemen,Unavailable,True,2025-01-10 00:40:00
7559001,01,914154,Geldautomaat,Unavailable,False,2025-01-10 00:40:00
7559002,01,812700,Geld storten en opnemen,Unavailable,True,2025-01-10 00:40:01
7561001,01,920146,Geldautomaat,Unavailable,False,2025-01-10 00:40:02
7571001,01,921355,Geldautomaat,Unavailable,False,2025-01-10 00:40:02
7571004,01,811350,Geld storten en opnemen,Unavailable,True,2025-01-10 00:40:03
7571006,01,811894,Geld storten en opnemen,Unavailable,True,2025-01-10 00:40:04
7572001,01,920092,Geldautomaat,Unavailable,False,2025-01-10 00:40:05
7574001,01,921787,Geldautomaat,Unavailable,False,2025-01-10 00:40:05
7576001,01,921677,Geldautomaat,Unavailable,False,2025-01-10 00:40:07
7576002,01,911263,Geldautomaat,Unavailable,False,2025-01-10 00:40:07
7581001,01,921271,Geldautomaat,Unavailable,False,2025-01-10 00:40:08
7581003,01,811342,Geld storten en opnemen,Unavailable,True,2025-01-10 00:40:08
7581005,01,610443,Sealbag-automaat,Unavailable,False,2025-01-10 00:40:09
7581005,02,920989,Geldautomaat,Unavailable,False,2025-01-10 00:40:09
7581007,01,812715,Geld storten en opnemen,Unavailable,True,2025-01-10 00:40:10
7586001,01,920916,Geldautomaat,Unavailable,False,2025-01-10 00:40:10
7587001,01,921014,Geldautomaat,Unavailable,False,2025-01-10 00:40:11
7591001,01,810772,Geld storten en opnemen,Unavailable,True,2025-01-10 00:40:11
7591001,02,920791,Geldautomaat,Unavailable,False,2025-01-10 00:40:11
7591001,03,610583,Sealbag-automaat,Unavailable,False,2025-01-10 00:40:11
7591002,01,811100,Geld storten en opnemen,Unavailable,True,2025-01-10 00:40:12
7595001,01,610212,Sealbag-automaat,Unavailable,False,2025-01-10 00:40:13
7595001,02,920254,Geldautomaat,Unavailable,False,2025-01-10 00:40:13
7596001,01,920599,Geldautomaat,Unavailable,False,2025-01-10 00:40:13
7597001,01,920399,Geldautomaat,Unavailable,False,2025-01-10 00:40:14
7602001,01,920627,Geldautomaat,Unavailable,False,2025-01-10 00:40:15
7603002,01,910200,Geldautomaat,Unavailable,False,2025-01-10 00:40:15
7603003,01,913665,Geldautomaat,Unavailable,False,2025-01-10 00:40:16
7604001,01,920263,Geldautomaat,Unavailable,False,2025-01-10 00:40:16
7605001,01,921661,Geldautomaat,Unavailable,False,2025-01-10 00:40:17
7606001,01,913911,Geldautomaat,Unavailable,False,2025-01-10 00:40:18
7606002,01,920914,Geldautomaat,Unavailable,False,2025-01-10 00:40:18
7607001,01,914630,Geldautomaat,Unavailable,False,2025-01-10 00:40:19
7607006,01,812079,Geld storten en opnemen,Unavailable,True,2025-01-10 00:40:20
7607007,01,810424,Geld storten en opnemen,Unavailable,False,2025-01-10 00:40:20
7607008,01,611168,Sealbag-automaat,Unavailable,False,2025-01-10 00:40:21
7607008,02,914334,Geldautomaat,Unavailable,False,2025-01-10 00:40:21
7607008,03,811479,Geld storten en opnemen,Unavailable,True,2025-01-10 00:40:21
7607009,01,812030,Geld storten en opnemen,Unavailable,True,2025-01-10 00:40:22
7608001,01,921681,Geldautomaat,Unavailable,False,2025-01-10 00:40:22
7608002,01,911535,Geldautomaat,Unavailable,False,2025-01-10 00:40:23
7608002,02,810122,Geld storten en opnemen,Unavailable,True,2025-01-10 00:40:23
7609001,01,921788,Geldautomaat,Unavailable,False,2025-01-10 00:40:23
7622001,01,810357,Geld storten en opnemen,Unavailable,True,2025-01-10 00:40:24
7622001,02,610322,Sealbag-automaat,Unavailable,False,2025-01-10 00:40:24
7622002,01,921282,Geldautomaat,Unavailable,False,2025-01-10 00:40:25
7622003,01,912092,Geldautomaat,Unavailable,False,2025-01-10 00:40:25
7627001,01,920262,Geldautomaat,Unavailable,False,2025-01-10 00:40:26
7631001,01,921608,Geldautomaat,Unavailable,False,2025-01-10 00:40:26
7631002,01,921017,Geldautomaat,Unavailable,False,2025-01-10 00:40:27
7631002,02,610281,Sealbag-automaat,Unavailable,False,2025-01-10 00:40:27
7634001,01,920274,Geldautomaat,Unavailable,False,2025-01-10 00:40:28
7635001,01,910283,Geldautomaat,Unavailable,False,2025-01-10 00:40:28
7641001,01,921031,Geldautomaat,Unavailable,False,2025-01-10 00:40:29
7641001,02,610222,Sealbag-automaat,Unavailable,False,2025-01-10 00:40:29
7641002,01,811431,Geld storten en opnemen,Unavailable,True,2025-01-10 00:40:29
7641003,01,921773,Geldautomaat,Unavailable,False,2025-01-10 00:40:30
7651001,01,610627,Sealbag-automaat,Unavailable,False,2025-01-10 00:40:31
7651001,02,811190,Geld storten en opnemen,Unavailable,True,2025-01-10 00:40:31
7651001,03,912889,Geldautomaat,Unavailable,False,2025-01-10 00:40:31
7651002,01,812709,Geld storten en opnemen,Unavailable,True,2025-01-10 00:40:31
7661001,01,920746,Geldautomaat,Unavailable,False,2025-01-10 00:40:32
7665001,01,920831,Geldautomaat,Unavailable,False,2025-01-10 00:40:32
7667001,01,910291,Geldautomaat,Unavailable,False,2025-01-10 00:40:33
7671001,01,811206,Geld storten en opnemen,Unavailable,True,2025-01-10 00:40:34
7671002,01,610600,Sealbag-automaat,Unavailable,False,2025-01-10 00:40:34
7671002,02,920953,Geldautomaat,Unavailable,False,2025-01-10 00:40:34
7672001,01,810829,Geld storten en opnemen,Unavailable,True,2025-01-10 00:40:35
7676001,01,920851,Geldautomaat,Unavailable,False,2025-01-10 00:40:35
7678001,01,920924,Geldautomaat,Unavailable,False,2025-01-10 00:40:36
7678001,02,610107,Sealbag-automaat,Unavailable,False,2025-01-10 00:40:36
7679001,01,920265,Geldautomaat,Unavailable,False,2025-01-10 00:40:37
7681001,01,810268,Geld storten en opnemen,Unavailable,True,2025-01-10 00:40:37
7681001,02,610219,Sealbag-automaat,Unavailable,False,2025-01-10 00:40:37
7681005,01,812622,Geld storten en opnemen,Unavailable,True,2025-01-10 00:40:38
7683002,01,920458,Geldautomaat,Unavailable,False,2025-01-10 00:40:38
7693001,01,812284,Geld storten en opnemen,Unavailable,True,2025-01-10 00:40:40
7701001,01,610779,Sealbag-automaat,Unavailable,False,2025-01-10 00:40:40
7701001,02,810058,Geld storten en opnemen,Unavailable,True,2025-01-10 00:40:40
7701002,01,921469,Geldautomaat,Unavailable,False,2025-01-10 00:40:41
7701005,01,812563,Geld storten en opnemen,Unavailable,True,2025-01-10 00:40:41
7707001,01,920270,Geldautomaat,Unavailable,False,2025-01-10 00:40:42
7711001,01,921809,Geldautomaat,Unavailable,False,2025-01-10 00:40:43
7711002,01,610278,Sealbag-automaat,Unavailable,False,2025-01-10 00:40:43
7711002,02,810332,Geld storten en opnemen,Unavailable,True,2025-01-10 00:40:43
7721001,01,811098,Geld storten en opnemen,Unavailable,True,2025-01-10 00:40:44
7721002,01,921494,Geldautomaat,Unavailable,False,2025-01-10 00:40:44
7721004,01,920384,Geldautomaat,Unavailable,False,2025-01-10 00:40:45
7721004,02,611363,Sealbag-automaat,Unavailable,False,2025-01-10 00:40:45
7721005,01,812651,Geld storten en opnemen,Unavailable,True,2025-01-10 00:40:46
7731001,01,610967,Sealbag-automaat,Unavailable,False,2025-01-10 00:40:46
7731001,02,810561,Geld storten en opnemen,Unavailable,True,2025-01-10 00:40:46
7731002,01,921653,Geldautomaat,Unavailable,False,2025-01-10 00:40:47
7731003,01,811351,Geld storten en opnemen,Unavailable,False,2025-01-10 00:40:47
7731005,01,812104,Geld storten en opnemen,Unavailable,True,2025-01-10 00:40:48
7741001,01,930167,Geldautomaat,Unavailable,False,2025-01-10 00:40:49
7741003,01,610787,Sealbag-automaat,Unavailable,False,2025-01-10 00:40:49
7741004,01,811096,Geld storten en opnemen,Unavailable,True,2025-01-10 00:40:50
7741006,01,812244,Geld storten en opnemen,Unavailable,True,2025-01-10 00:40:51
7751001,01,910408,Geldautomaat,Unavailable,False,2025-01-10 00:40:51
7761002,01,812110,Geld storten en opnemen,Unavailable,True,2025-01-10 00:40:52
7771001,01,610251,Sealbag-automaat,Unavailable,False,2025-01-10 00:40:53
7771001,02,920467,Geldautomaat,Unavailable,False,2025-01-10 00:40:53
7772001,01,921659,Geldautomaat,Unavailable,False,2025-01-10 00:40:54
7772006,01,811520,Geld storten en opnemen,Unavailable,True,2025-01-10 00:40:54
7776001,01,920271,Geldautomaat,Unavailable,False,2025-01-10 00:40:55
7776002,01,913479,Geldautomaat,Unavailable,False,2025-01-10 00:40:56
7783001,01,910413,Geldautomaat,Unavailable,False,2025-01-10 00:40:56
7811001,01,921644,Geldautomaat,Unavailable,False,2025-01-10 00:40:57
7811005,01,811512,Geld storten en opnemen,Unavailable,True,2025-01-10 00:40:58
7811006,01,810483,Geld storten en opnemen,Unavailable,True,2025-01-10 00:40:59
7812001,01,920740,Geldautomaat,Unavailable,False,2025-01-10 00:40:59
7815001,01,920845,Geldautomaat,Unavailable,False,2025-01-10 00:41:00
7823001,01,920375,Geldautomaat,Unavailable,False,2025-01-10 00:41:00
7824002,01,920067,Geldautomaat,Unavailable,False,2025-01-10 00:41:01
7824003,01,811631,Geld storten en opnemen,Unavailable,True,2025-01-10 00:41:02
7826001,01,920395,Geldautomaat,Unavailable,False,2025-01-10 00:41:02
7827001,01,811440,Geld storten en opnemen,Unavailable,True,2025-01-10 00:41:03
7831001,01,920396,Geldautomaat,Unavailable,False,2025-01-10 00:41:03
7833001,01,921650,Geldautomaat,Unavailable,False,2025-01-10 00:41:04
7833002,01,920889,Geldautomaat,Unavailable,False,2025-01-10 00:41:05
7841001,01,921709,Geldautomaat,Unavailable,False,2025-01-10 00:41:05
7841002,01,812461,Geld storten en opnemen,Unavailable,True,2025-01-10 00:41:06
7841002,02,611069,Sealbag-automaat,Unavailable,False,2025-01-10 00:41:06
7848001,01,920300,Geldautomaat,Unavailable,False,2025-01-10 00:41:06
7854001,01,920155,Geldautomaat,Unavailable,False,2025-01-10 00:41:07
7861001,01,920066,Geldautomaat,Unavailable,False,2025-01-10 00:41:08
7873001,01,910504,Geldautomaat,Unavailable,False,2025-01-10 00:41:08
7875001,01,920152,Geldautomaat,Unavailable,False,2025-01-10 00:41:09
7876001,01,910570,Geldautomaat,Unavailable,False,2025-01-10 00:41:09
7881001,01,920353,Geldautomaat,Unavailable,False,2025-01-10 00:41:10
7885002,01,813102,Geld storten en opnemen,Unavailable,True,2025-01-10 00:41:11
7887001,01,920890,Geldautomaat,Unavailable,False,2025-01-10 00:41:11
7891001,01,920485,Geldautomaat,Unavailable,False,2025-01-10 00:41:12
7891001,02,610591,Sealbag-automaat,Unavailable,False,2025-01-10 00:41:12
7891002,01,811138,Geld storten en opnemen,Unavailable,True,2025-01-10 00:41:13
7891004,01,812098,Geld storten en opnemen,Unavailable,True,2025-01-10 00:41:13
7894001,01,920758,Geldautomaat,Unavailable,False,2025-01-10 00:41:14
7901001,01,921668,Geldautomaat,Unavailable,False,2025-01-10 00:41:14
7901002,01,812011,Geld storten en opnemen,Unavailable,True,2025-01-10 00:41:15
7902005,01,812459,Geld storten en opnemen,Unavailable,True,2025-01-10 00:41:16
7905001,01,920949,Geldautomaat,Unavailable,False,2025-01-10 00:41:16
7906001,01,921705,Geldautomaat,Unavailable,False,2025-01-10 00:41:17
7907002,01,611494,Sealbag-automaat,Unavailable,False,2025-01-10 00:41:18
7907002,02,813087,Geld storten en opnemen,Unavailable,True,2025-01-10 00:41:18
7908001,01,921690,Geldautomaat,Unavailable,False,2025-01-10 00:41:19
7908002,01,920301,Geldautomaat,Unavailable,False,2025-01-10 00:41:19
7913001,01,920376,Geldautomaat,Unavailable,False,2025-01-10 00:41:20
7913001,02,610127,Sealbag-automaat,Unavailable,False,2025-01-10 00:41:20
7914001,01,920190,Geldautomaat,Unavailable,False,2025-01-10 00:41:20
7916001,01,930208,Geldautomaat,Unavailable,False,2025-01-10 00:41:21
7918001,01,920377,Geldautomaat,Unavailable,False,2025-01-10 00:41:22
7921001,01,811219,Geld storten en opnemen,Unavailable,True,2025-01-10 00:41:22
7921002,01,912732,Geldautomaat,Unavailable,False,2025-01-10 00:41:23
7933001,01,812252,Geld storten en opnemen,Unavailable,True,2025-01-10 00:41:23
7941001,01,921613,Geldautomaat,Unavailable,False,2025-01-10 00:41:24
7941004,01,811551,Geld storten en opnemen,Unavailable,True,2025-01-10 00:41:24
7941007,01,812042,Geld storten en opnemen,Unavailable,True,2025-01-10 00:41:25
7941008,01,812396,Geld storten en opnemen,Unavailable,True,2025-01-10 00:41:26
7941008,02,611413,Sealbag-automaat,Unavailable,False,2025-01-10 00:41:26
7944001,01,930057,Geldautomaat,Unavailable,False,2025-01-10 00:41:26
7951001,01,811184,Geld storten en opnemen,Unavailable,True,2025-01-10 00:41:27
7951003,01,921001,Geldautomaat,Unavailable,False,2025-01-10 00:41:28
7951003,02,611079,Sealbag-automaat,Unavailable,False,2025-01-10 00:41:28
7954001,01,920110,Geldautomaat,Unavailable,False,2025-01-10 00:41:28
7957001,01,810050,Geld storten en opnemen,Unavailable,True,2025-01-10 00:41:29
7958001,01,920124,Geldautomaat,Unavailable,False,2025-01-10 00:41:29
7961001,01,920787,Geldautomaat,Unavailable,False,2025-01-10 00:41:30
7963001,01,920257,Geldautomaat,Unavailable,False,2025-01-10 00:41:31
7963001,02,610171,Sealbag-automaat,Unavailable,False,2025-01-10 00:41:31
7971001,01,921708,Geldautomaat,Unavailable,False,2025-01-10 00:41:31
7971003,01,810059,Geld storten en opnemen,Unavailable,True,2025-01-10 00:41:32
7991001,01,811110,Geld storten en opnemen,Unavailable,True,2025-01-10 00:41:33
7991002,01,930114,Geldautomaat,Unavailable,False,2025-01-10 00:41:33
8011001,01,811851,Geld storten en opnemen,Unavailable,True,2025-01-10 00:41:34
8011003,01,611509,Sealbag-automaat,Unavailable,False,2025-01-10 00:41:35
8011003,02,813105,Geld storten en opnemen,Unavailable,True,2025-01-10 00:41:35
8011003,03,912549,Geldautomaat,Unavailable,False,2025-01-10 00:41:35
8011009,01,921524,Geldautomaat,Unavailable,False,2025-01-10 00:41:37
8014002,01,930154,Geldautomaat,Unavailable,False,2025-01-10 00:41:37
8014003,01,920977,Geldautomaat,Unavailable,False,2025-01-10 00:41:38
8014003,02,610639,Sealbag-automaat,Unavailable,False,2025-01-10 00:41:38
8014004,01,811392,Geld storten en opnemen,Unavailable,True,2025-01-10 00:41:38
8014006,01,812676,Geld storten en opnemen,Unavailable,True,2025-01-10 00:41:39
8017001,01,812619,Geld storten en opnemen,Unavailable,True,2025-01-10 00:41:40
8021001,01,921585,Geldautomaat,Unavailable,False,2025-01-10 00:41:40
8022001,01,920282,Geldautomaat,Unavailable,False,2025-01-10 00:41:41
8024001,01,920036,Geldautomaat,Unavailable,False,2025-01-10 00:41:41
8025001,01,920033,Geldautomaat,Unavailable,False,2025-01-10 00:41:42
8031002,01,911320,Geldautomaat,Unavailable,False,2025-01-10 00:41:43
8031003,01,920776,Geldautomaat,Unavailable,False,2025-01-10 00:41:44
8032001,01,921774,Geldautomaat,Unavailable,False,2025-01-10 00:41:44
8032002,01,911470,Geldautomaat,Unavailable,False,2025-01-10 00:41:45
8032003,01,811885,Geld storten en opnemen,Unavailable,True,2025-01-10 00:41:46
8032003,02,811884,Geld storten en opnemen,Unavailable,True,2025-01-10 00:41:46
8032005,01,812681,Geld storten en opnemen,Unavailable,True,2025-01-10 00:41:46
8042001,01,920323,Geldautomaat,Unavailable,False,2025-01-10 00:41:47
8043001,01,810338,Geld storten en opnemen,Unavailable,True,2025-01-10 00:41:47
8043002,01,921614,Geldautomaat,Unavailable,False,2025-01-10 00:41:48
8043003,01,811626,Geld storten en opnemen,Unavailable,True,2025-01-10 00:41:49
8051001,01,811128,Geld storten en opnemen,Unavailable,True,2025-01-10 00:41:49
8051002,01,610580,Sealbag-automaat,Unavailable,False,2025-01-10 00:41:50
8051002,02,912688,Geldautomaat,Unavailable,False,2025-01-10 00:41:50
8051003,01,921640,Geldautomaat,Unavailable,False,2025-01-10 00:41:50
8061001,01,813241,Geld storten en opnemen,Unavailable,True,2025-01-10 00:41:51
8064001,01,920338,Geldautomaat,Unavailable,False,2025-01-10 00:41:52
8064001,02,610054,Sealbag-automaat,Unavailable,False,2025-01-10 00:41:52
8071001,01,921859,Geldautomaat,Unavailable,False,2025-01-10 00:41:52
8071003,01,811349,Geld storten en opnemen,Unavailable,True,2025-01-10 00:41:53
8071005,01,812103,Geld storten en opnemen,Unavailable,True,2025-01-10 00:41:53
8072001,01,920829,Geldautomaat,Unavailable,False,2025-01-10 00:41:54
8075001,01,811114,Geld storten en opnemen,Unavailable,True,2025-01-10 00:41:55
8075002,01,912685,Geldautomaat,Unavailable,False,2025-01-10 00:41:55
8076001,01,920835,Geldautomaat,Unavailable,False,2025-01-10 00:41:56
8077001,01,921033,Geldautomaat,Unavailable,False,2025-01-10 00:41:56
8081001,01,610242,Sealbag-automaat,Unavailable,False,2025-01-10 00:41:57
8081001,02,920243,Geldautomaat,Unavailable,False,2025-01-10 00:41:57
8081004,01,810694,Geld storten en opnemen,Unavailable,True,2025-01-10 00:41:58
8081005,01,812684,Geld storten en opnemen,Unavailable,True,2025-01-10 00:41:58
8084001,01,920409,Geldautomaat,Unavailable,False,2025-01-10 00:41:59
8084003,01,921860,Geldautomaat,Unavailable,False,2025-01-10 00:41:59
8085001,01,920462,Geldautomaat,Unavailable,False,2025-01-10 00:42:00
8091002,01,920364,Geldautomaat,Unavailable,False,2025-01-10 00:42:01
8091002,02,811943,Geld storten en opnemen,Unavailable,True,2025-01-10 00:42:01
8091003,01,812997,Geld storten en opnemen,Unavailable,True,2025-01-10 00:42:01
8096001,01,920363,Geldautomaat,Unavailable,False,2025-01-10 00:42:02
8097001,01,920920,Geldautomaat,Unavailable,False,2025-01-10 00:42:02
8102001,01,921676,Geldautomaat,Unavailable,False,2025-01-10 00:42:03
8102005,01,811355,Geld storten en opnemen,Unavailable,True,2025-01-10 00:42:04
8102006,01,810222,Geld storten en opnemen,Unavailable,True,2025-01-10 00:42:04
8102006,02,610989,Sealbag-automaat,Unavailable,False,2025-01-10 00:42:04
8102006,03,920774,Geldautomaat,Unavailable,False,2025-01-10 00:42:04
8102007,01,812652,Geld storten en opnemen,Unavailable,True,2025-01-10 00:42:05
8105001,01,920106,Geldautomaat,Unavailable,False,2025-01-10 00:42:05
8106001,01,920416,Geldautomaat,Unavailable,False,2025-01-10 00:42:06
8111001,01,920453,Geldautomaat,Unavailable,False,2025-01-10 00:42:07
8111001,02,610121,Sealbag-automaat,Unavailable,False,2025-01-10 00:42:07
8112001,01,920844,Geldautomaat,Unavailable,False,2025-01-10 00:42:08
8121001,01,920794,Geldautomaat,Unavailable,False,2025-01-10 00:42:08
8121001,02,611030,Sealbag-automaat,Unavailable,False,2025-01-10 00:42:08
8121001,03,810207,Geld storten en opnemen,Unavailable,True,2025-01-10 00:42:08
8131002,01,921657,Geldautomaat,Unavailable,False,2025-01-10 00:42:10
8131004,01,812335,Geld storten en opnemen,Unavailable,True,2025-01-10 00:42:10
8141001,01,921811,Geldautomaat,Unavailable,False,2025-01-10 00:42:11
8141002,01,610123,Sealbag-automaat,Unavailable,False,2025-01-10 00:42:11
8141002,02,921041,Geldautomaat,Unavailable,False,2025-01-10 00:42:11
8151001,01,610132,Sealbag-automaat,Unavailable,False,2025-01-10 00:42:12
8151001,02,920454,Geldautomaat,Unavailable,False,2025-01-10 00:42:12
8161001,01,921720,Geldautomaat,Unavailable,False,2025-01-10 00:42:13
8161004,01,812927,Geld storten en opnemen,Unavailable,True,2025-01-10 00:42:13
8162002,01,813091,Geld storten en opnemen,Unavailable,True,2025-01-10 00:42:14
8162002,02,611496,Sealbag-automaat,Unavailable,False,2025-01-10 00:42:14
8166001,01,920425,Geldautomaat,Unavailable,False,2025-01-10 00:42:14
8167001,01,920154,Geldautomaat,Unavailable,False,2025-01-10 00:42:15
8171001,01,810254,Geld storten en opnemen,Unavailable,True,2025-01-10 00:42:16
8171002,01,921651,Geldautomaat,Unavailable,False,2025-01-10 00:42:16
8171003,01,920855,Geldautomaat,Unavailable,False,2025-01-10 00:42:17
8171003,02,920854,Geldautomaat,Unavailable,False,2025-01-10 00:42:17
8171003,03,610198,Sealbag-automaat,Unavailable,False,2025-01-10 00:42:17
8171003,04,812399,Geld storten en opnemen,Unavailable,False,2025-01-10 00:42:17
8181002,01,811129,Geld storten en opnemen,Unavailable,True,2025-01-10 00:42:18
8181003,01,912690,Geldautomaat,Unavailable,False,2025-01-10 00:42:19
8181003,02,914602,Geldautomaat,Unavailable,False,2025-01-10 00:42:19
8181004,01,812741,Geld storten en opnemen,Unavailable,True,2025-01-10 00:42:19
8191001,01,921656,Geldautomaat,Unavailable,False,2025-01-10 00:42:20
8191002,01,913120,Geldautomaat,Unavailable,False,2025-01-10 00:42:21
8191003,01,812710,Geld storten en opnemen,Unavailable,True,2025-01-10 00:42:21
8212001,01,921764,Geldautomaat,Unavailable,False,2025-01-10 00:42:22
8223001,01,811950,Geld storten en opnemen,Unavailable,True,2025-01-10 00:42:22
8224001,01,921765,Geldautomaat,Unavailable,False,2025-01-10 00:42:23
8224003,01,811265,Geld storten en opnemen,Unavailable,True,2025-01-10 00:42:24
8224005,01,921010,Geldautomaat,Unavailable,False,2025-01-10 00:42:25
8225001,01,921801,Geldautomaat,Unavailable,False,2025-01-10 00:42:26
8232003,01,810553,Geld storten en opnemen,Unavailable,True,2025-01-10 00:42:27
8242001,01,921059,Geldautomaat,Unavailable,False,2025-01-10 00:42:27
8242002,01,920148,Geldautomaat,Unavailable,False,2025-01-10 00:42:28
8245001,01,921802,Geldautomaat,Unavailable,False,2025-01-10 00:42:29
8251001,01,921212,Geldautomaat,Unavailable,False,2025-01-10 00:42:29
8251004,01,913222,Geldautomaat,Unavailable,False,2025-01-10 00:42:30
8251004,02,811106,Geld storten en opnemen,Unavailable,True,2025-01-10 00:42:30
8251004,03,610705,Sealbag-automaat,Available,False,2025-01-10 00:42:30
8253001,01,921722,Geldautomaat,Unavailable,False,2025-01-10 00:42:30
8254001,01,811105,Geld storten en opnemen,Unavailable,True,2025-01-10 00:42:31
8254002,01,812521,Geld storten en opnemen,Unavailable,True,2025-01-10 00:42:31
8255001,01,921831,Geldautomaat,Unavailable,False,2025-01-10 00:42:32
8255002,01,812612,Geld storten en opnemen,Unavailable,True,2025-01-10 00:42:33
8256001,01,921832,Geldautomaat,Unavailable,False,2025-01-10 00:42:33
8256003,01,930076,Geldautomaat,Unavailable,False,2025-01-10 00:42:34
8261001,01,921443,Geldautomaat,Unavailable,False,2025-01-10 00:42:34
8261002,01,920863,Geldautomaat,Unavailable,False,2025-01-10 00:42:35
8261005,01,610949,Sealbag-automaat,Unavailable,False,2025-01-10 00:42:36
8261005,02,913585,Geldautomaat,Unavailable,False,2025-01-10 00:42:36
8261006,01,810537,Geld storten en opnemen,Unavailable,True,2025-01-10 00:42:36
8265001,01,921993,Geldautomaat,Unavailable,False,2025-01-10 00:42:37
8265002,01,921842,Geldautomaat,Unavailable,False,2025-01-10 00:42:37
8265003,01,911166,Geldautomaat,Unavailable,False,2025-01-10 00:42:38
8265004,01,910011,Geldautomaat,Unavailable,False,2025-01-10 00:42:39
8266001,01,812621,Geld storten en opnemen,Unavailable,True,2025-01-10 00:42:39
8271001,01,810023,Geld storten en opnemen,Unavailable,True,2025-01-10 00:42:40
8271001,02,920496,Geldautomaat,Unavailable,False,2025-01-10 00:42:40
8281001,01,610004,Sealbag-automaat,Unavailable,False,2025-01-10 00:42:40
8281001,02,810061,Geld storten en opnemen,Unavailable,True,2025-01-10 00:42:40
8281001,03,810060,Geld storten en opnemen,Unavailable,True,2025-01-10 00:42:40
8281002,01,921466,Geldautomaat,Unavailable,False,2025-01-10 00:42:41
8302001,01,930219,Geldautomaat,Unavailable,False,2025-01-10 00:42:42
8302002,01,921891,Geldautomaat,Unavailable,False,2025-01-10 00:42:42
8302006,01,811511,Geld storten en opnemen,Unavailable,True,2025-01-10 00:42:43
8302007,01,812091,Geld storten en opnemen,Unavailable,True,2025-01-10 00:42:43
8302009,01,611328,Sealbag-automaat,Unavailable,False,2025-01-10 00:42:44
8302009,02,920356,Geldautomaat,Unavailable,False,2025-01-10 00:42:44
8303001,01,920700,Geldautomaat,Unavailable,False,2025-01-10 00:42:45
8307001,01,920492,Geldautomaat,Unavailable,False,2025-01-10 00:42:45
8308002,01,812101,Geld storten en opnemen,Unavailable,True,2025-01-10 00:42:46
8312001,01,920497,Geldautomaat,Unavailable,False,2025-01-10 00:42:46
8316001,01,920293,Geldautomaat,Unavailable,False,2025-01-10 00:42:47
8321001,01,810824,Geld storten en opnemen,Unavailable,False,2025-01-10 00:42:47
8321001,02,610605,Sealbag-automaat,Unavailable,False,2025-01-10 00:42:47
8321003,01,930168,Geldautomaat,Unavailable,False,2025-01-10 00:42:48
8321006,01,812179,Geld storten en opnemen,Unavailable,True,2025-01-10 00:42:49
8322001,01,920374,Geldautomaat,Unavailable,False,2025-01-10 00:42:49
8325001,01,810273,Geld storten en opnemen,Unavailable,True,2025-01-10 00:42:50
8326001,01,920109,Geldautomaat,Unavailable,False,2025-01-10 00:42:50
8331001,01,810251,Geld storten en opnemen,Unavailable,True,2025-01-10 00:42:51
8331001,02,610201,Sealbag-automaat,Unavailable,False,2025-01-10 00:42:51
8331003,01,921603,Geldautomaat,Unavailable,False,2025-01-10 00:42:52
8331004,01,920502,Geldautomaat,Unavailable,False,2025-01-10 00:42:52
8332001,01,921830,Geldautomaat,Unavailable,False,2025-01-10 00:42:53
8341001,01,920468,Geldautomaat,Unavailable,False,2025-01-10 00:42:53
8355001,01,920471,Geldautomaat,Unavailable,False,2025-01-10 00:42:54
8356001,01,920151,Geldautomaat,Unavailable,False,2025-01-10 00:42:55
8374001,01,922009,Geldautomaat,Unavailable,False,2025-01-10 00:42:55
8375001,01,610280,Sealbag-automaat,Unavailable,False,2025-01-10 00:42:56
8375001,02,921048,Geldautomaat,Unavailable,False,2025-01-10 00:42:56
8381001,01,930075,Geldautomaat,Unavailable,False,2025-01-10 00:42:56
8391001,01,920839,Geldautomaat,Unavailable,False,2025-01-10 00:42:57
8391001,02,610150,Sealbag-automaat,Available,False,2025-01-10 00:42:57
8391003,01,811159,Geld storten en opnemen,Unavailable,False,2025-01-10 00:42:58
8401001,01,920676,Geldautomaat,Unavailable,False,2025-01-10 00:42:58
8401001,02,610114,Sealbag-automaat,Unavailable,False,2025-01-10 00:42:58
8401002,01,921274,Geldautomaat,Unavailable,False,2025-01-10 00:42:59
8401003,01,811517,Geld storten en opnemen,Unavailable,True,2025-01-10 00:43:00
8401005,01,812683,Geld storten en opnemen,Unavailable,True,2025-01-10 00:43:00
8411001,01,810043,Geld storten en opnemen,Unavailable,True,2025-01-10 00:43:01
8421001,01,920074,Geldautomaat,Unavailable,False,2025-01-10 00:43:02
8426001,01,810041,Geld storten en opnemen,Unavailable,True,2025-01-10 00:43:03
8431001,01,921416,Geldautomaat,Unavailable,False,2025-01-10 00:43:03
8431004,01,812356,Geld storten en opnemen,Unavailable,True,2025-01-10 00:43:04
8431005,01,812528,Geld storten en opnemen,Unavailable,True,2025-01-10 00:43:04
8433001,01,920859,Geldautomaat,Unavailable,False,2025-01-10 00:43:05
8433001,02,610253,Sealbag-automaat,Unavailable,False,2025-01-10 00:43:05
8435001,01,910759,Geldautomaat,Unavailable,False,2025-01-10 00:43:06
8441001,01,912309,Geldautomaat,Unavailable,False,2025-01-10 00:43:06
8442001,01,921760,Geldautomaat,Unavailable,False,2025-01-10 00:43:07
8443001,01,910824,Geldautomaat,Unavailable,False,2025-01-10 00:43:07
8458001,01,920283,Geldautomaat,Unavailable,False,2025-01-10 00:43:08
8463001,01,920073,Geldautomaat,Unavailable,False,2025-01-10 00:43:09
8471001,01,810647,Geld storten en opnemen,Unavailable,True,2025-01-10 00:43:09
8471002,01,921761,Geldautomaat,Unavailable,False,2025-01-10 00:43:10
8471007,01,811906,Geld storten en opnemen,Unavailable,True,2025-01-10 00:43:10
8491001,01,920869,Geldautomaat,Unavailable,False,2025-01-10 00:43:12
8501001,01,610334,Sealbag-automaat,Unavailable,False,2025-01-10 00:43:12
8501001,02,810378,Geld storten en opnemen,Unavailable,True,2025-01-10 00:43:12
8501004,01,811332,Geld storten en opnemen,Unavailable,True,2025-01-10 00:43:13
8501006,01,921793,Geldautomaat,Unavailable,False,2025-01-10 00:43:13
8521001,01,610191,Sealbag-automaat,Unavailable,False,2025-01-10 00:43:14
8521001,02,920569,Geldautomaat,Unavailable,False,2025-01-10 00:43:14
8525001,01,920572,Geldautomaat,Unavailable,False,2025-01-10 00:43:14
8531001,01,810189,Geld storten en opnemen,Unavailable,True,2025-01-10 00:43:15
8531001,02,610133,Sealbag-automaat,Unavailable,False,2025-01-10 00:43:15
8531004,01,811930,Geld storten en opnemen,Unavailable,True,2025-01-10 00:43:16
8531005,01,921794,Geldautomaat,Unavailable,False,2025-01-10 00:43:16
8539001,01,920571,Geldautomaat,Unavailable,False,2025-01-10 00:43:17
8551001,01,920429,Geldautomaat,Unavailable,False,2025-01-10 00:43:17
8556001,01,920430,Geldautomaat,Unavailable,False,2025-01-10 00:43:18
8561001,01,811404,Geld storten en opnemen,Unavailable,True,2025-01-10 00:43:19
8561003,01,920484,Geldautomaat,Unavailable,False,2025-01-10 00:43:19
8561003,02,611004,Sealbag-automaat,Unavailable,False,2025-01-10 00:43:19
8567001,01,920486,Geldautomaat,Unavailable,False,2025-01-10 00:43:20
8574001,01,920554,Geldautomaat,Unavailable,False,2025-01-10 00:43:20
8601001,01,914107,Geldautomaat,Unavailable,False,2025-01-10 00:43:21
8601001,02,810604,Geld storten en opnemen,Unavailable,False,2025-01-10 00:43:21
8601002,01,921781,Geldautomaat,Unavailable,False,2025-01-10 00:43:22
8601003,01,920135,Geldautomaat,Unavailable,False,2025-01-10 00:43:22
8601005,01,920823,Geldautomaat,Unavailable,False,2025-01-10 00:43:23
8601006,01,920433,Geldautomaat,Unavailable,False,2025-01-10 00:43:23
8601006,02,920461,Geldautomaat,Unavailable,False,2025-01-10 00:43:23
8601006,03,610953,Sealbag-automaat,Unavailable,False,2025-01-10 00:43:23
8601007,01,811426,Geld storten en opnemen,Unavailable,False,2025-01-10 00:43:24
8604002,01,921782,Geldautomaat,Unavailable,False,2025-01-10 00:43:25
8621001,01,610254,Sealbag-automaat,Unavailable,False,2025-01-10 00:43:26
8621001,02,920973,Geldautomaat,Unavailable,False,2025-01-10 00:43:26
8701002,01,920559,Geldautomaat,Unavailable,False,2025-01-10 00:43:26
8701003,01,811086,Geld storten en opnemen,Unavailable,True,2025-01-10 00:43:27
8711001,01,811433,Geld storten en opnemen,Unavailable,True,2025-01-10 00:43:28
8711002,01,610607,Sealbag-automaat,Unavailable,False,2025-01-10 00:43:28
8711002,02,920227,Geldautomaat,Unavailable,False,2025-01-10 00:43:28
8713001,01,920288,Geldautomaat,Unavailable,False,2025-01-10 00:43:29
8715001,01,810008,Geld storten en opnemen,Unavailable,True,2025-01-10 00:43:29
8723001,01,812355,Geld storten en opnemen,Unavailable,True,2025-01-10 00:43:30
8723001,02,920969,Geldautomaat,Unavailable,False,2025-01-10 00:43:30
8731001,01,920929,Geldautomaat,Unavailable,False,2025-01-10 00:43:31
8731001,02,610067,Sealbag-automaat,Unavailable,False,2025-01-10 00:43:31
8754001,01,921032,Geldautomaat,Unavailable,False,2025-01-10 00:43:31
8801001,01,921815,Geldautomaat,Unavailable,False,2025-01-10 00:43:32
8801003,01,811117,Geld storten en opnemen,Unavailable,True,2025-01-10 00:43:32
8801004,01,812920,Geld storten en opnemen,Unavailable,True,2025-01-10 00:43:33
8821001,01,812039,Geld storten en opnemen,Unavailable,True,2025-01-10 00:43:34
8822001,01,813092,Geld storten en opnemen,Unavailable,True,2025-01-10 00:43:34
8831001,01,812183,Geld storten en opnemen,Unavailable,True,2025-01-10 00:43:35
8855001,01,813086,Geld storten en opnemen,Unavailable,True,2025-01-10 00:43:35
8861001,01,921356,Geldautomaat,Unavailable,False,2025-01-10 00:43:36
8861002,01,610403,Sealbag-automaat,Unavailable,False,2025-01-10 00:43:36
8861002,02,920967,Geldautomaat,Unavailable,False,2025-01-10 00:43:36
8861005,01,810506,Geld storten en opnemen,Unavailable,True,2025-01-10 00:43:37
8862001,01,920704,Geldautomaat,Unavailable,False,2025-01-10 00:43:38
8881001,01,810835,Geld storten en opnemen,Available,True,2025-01-10 00:43:38
8881001,02,610610,Sealbag-automaat,Unavailable,False,2025-01-10 00:43:38
8881002,01,811376,Geld storten en opnemen,Unavailable,True,2025-01-10 00:43:39
8881003,01,912729,Geldautomaat,Available,False,2025-01-10 00:43:40
8881005,01,920601,Geldautomaat,Available,False,2025-01-10 00:43:40
8891001,01,610062,Sealbag-automaat,Unavailable,False,2025-01-10 00:43:41
8891001,02,920602,Geldautomaat,Available,False,2025-01-10 00:43:41
8891003,01,813078,Geld storten en opnemen,Unavailable,True,2025-01-10 00:43:41
8899001,01,811375,Geld storten en opnemen,Unavailable,False,2025-01-10 00:43:42
8899002,01,920613,Geldautomaat,Available,False,2025-01-10 00:43:43
8899002,02,610599,Sealbag-automaat,Unavailable,False,2025-01-10 00:43:43
8899003,01,920666,Geldautomaat,Unavailable,False,2025-01-10 00:43:43
8911001,01,921368,Geldautomaat,Unavailable,False,2025-01-10 00:43:44
8911002,01,912367,Geldautomaat,Available,False,2025-01-10 00:43:44
8911008,01,811546,Geld storten en opnemen,Unavailable,True,2025-01-10 00:43:46
8911010,01,812040,Geld storten en opnemen,Unavailable,True,2025-01-10 00:43:47
8913001,01,921816,Geldautomaat,Unavailable,False,2025-01-10 00:43:48
8918001,01,930146,Geldautomaat,Unavailable,False,2025-01-10 00:43:49
8918003,01,811730,Geld storten en opnemen,Unavailable,True,2025-01-10 00:43:50
8918004,01,812555,Geld storten en opnemen,Unavailable,True,2025-01-10 00:43:50
8924002,01,920442,Geldautomaat,Unavailable,False,2025-01-10 00:43:51
8925001,01,930126,Geldautomaat,Unavailable,False,2025-01-10 00:43:53
8925002,01,812243,Geld storten en opnemen,Unavailable,True,2025-01-10 00:43:53
8932001,01,914135,Geldautomaat,Unavailable,False,2025-01-10 00:43:54
8932002,01,921871,Geldautomaat,Unavailable,False,2025-01-10 00:43:55
8933001,01,921872,Geldautomaat,Unavailable,False,2025-01-10 00:43:55
8934001,01,910154,Geldautomaat,Unavailable,False,2025-01-10 00:43:56
8936002,01,921861,Geldautomaat,Unavailable,False,2025-01-10 00:43:56
8936006,01,811668,Geld storten en opnemen,Unavailable,True,2025-01-10 00:43:57
8939001,01,920610,Geldautomaat,Unavailable,False,2025-01-10 00:43:58
9001001,01,811327,Geld storten en opnemen,Unavailable,True,2025-01-10 00:43:58
9005001,01,920083,Geldautomaat,Unavailable,False,2025-01-10 00:43:59
9036001,01,920930,Geldautomaat,Unavailable,False,2025-01-10 00:44:00
9041001,01,812086,Geld storten en opnemen,Unavailable,True,2025-01-10 00:44:00
9047001,01,920473,Geldautomaat,Unavailable,False,2025-01-10 00:44:01
9051001,01,810252,Geld storten en opnemen,Unavailable,True,2025-01-10 00:44:01
9051002,01,921735,Geldautomaat,Unavailable,False,2025-01-10 00:44:02
9051006,01,812629,Geld storten en opnemen,Unavailable,True,2025-01-10 00:44:03
9061001,01,920871,Geldautomaat,Unavailable,False,2025-01-10 00:44:03
9074001,01,920618,Geldautomaat,Unavailable,False,2025-01-10 00:44:04
9076001,01,921737,Geldautomaat,Unavailable,False,2025-01-10 00:44:04
9076003,01,812624,Geld storten en opnemen,Unavailable,True,2025-01-10 00:44:05
9101001,01,810154,Geld storten en opnemen,Unavailable,True,2025-01-10 00:44:05
9101002,01,921717,Geldautomaat,Unavailable,False,2025-01-10 00:44:06
9101006,01,610093,Sealbag-automaat,Unavailable,False,2025-01-10 00:44:07
9101006,02,920897,Geldautomaat,Unavailable,False,2025-01-10 00:44:07
9101007,01,813139,Geld storten en opnemen,Unavailable,True,2025-01-10 00:44:07
9104001,01,921718,Geldautomaat,Unavailable,False,2025-01-10 00:44:08
9104003,01,811500,Geld storten en opnemen,Unavailable,True,2025-01-10 00:44:08
9111001,01,920523,Geldautomaat,Unavailable,False,2025-01-10 00:44:09
9133001,01,920527,Geldautomaat,Unavailable,False,2025-01-10 00:44:10
9145001,01,920136,Geldautomaat,Unavailable,False,2025-01-10 00:44:10
9151001,01,920085,Geldautomaat,Unavailable,False,2025-01-10 00:44:11
9161001,01,920881,Geldautomaat,Available,False,2025-01-10 00:44:11
9163001,01,811345,Geld storten en opnemen,Unavailable,True,2025-01-10 00:44:12
9163003,01,920629,Geldautomaat,Available,False,2025-01-10 00:44:13
9163003,02,611437,Sealbag-automaat,Unavailable,False,2025-01-10 00:44:13
9166001,01,920681,Geldautomaat,Unavailable,False,2025-01-10 00:44:13
9166002,01,610179,Sealbag-automaat,Unavailable,False,2025-01-10 00:44:14
9166002,02,812433,Geld storten en opnemen,Available,True,2025-01-10 00:44:14
9172002,01,920901,Geldautomaat,Unavailable,False,2025-01-10 00:44:14
9172002,02,611356,Sealbag-automaat,Unavailable,False,2025-01-10 00:44:14
9201001,01,812585,Geld storten en opnemen,Unavailable,True,2025-01-10 00:44:15
9202001,01,921216,Geldautomaat,Unavailable,False,2025-01-10 00:44:16
9202002,01,920832,Geldautomaat,Unavailable,False,2025-01-10 00:44:16
9203001,01,930100,Geldautomaat,Unavailable,False,2025-01-10 00:44:17
9203002,01,921378,Geldautomaat,Unavailable,False,2025-01-10 00:44:17
9203006,01,811507,Geld storten en opnemen,Unavailable,True,2025-01-10 00:44:18
9203007,01,810477,Geld storten en opnemen,Unavailable,True,2025-01-10 00:44:19
9204002,01,920596,Geldautomaat,Unavailable,False,2025-01-10 00:44:20
9204002,02,611464,Sealbag-automaat,Unavailable,False,2025-01-10 00:44:20
9212001,01,920597,Geldautomaat,Unavailable,False,2025-01-10 00:44:20
9216001,01,920688,Geldautomaat,Unavailable,False,2025-01-10 00:44:21
9231001,01,921310,Geldautomaat,Unavailable,False,2025-01-10 00:44:22
9231004,01,811369,Geld storten en opnemen,Unavailable,True,2025-01-10 00:44:22
9231005,01,812678,Geld storten en opnemen,Unavailable,True,2025-01-10 00:44:23
9244001,01,920747,Geldautomaat,Unavailable,False,2025-01-10 00:44:23
9247001,01,920760,Geldautomaat,Unavailable,False,2025-01-10 00:44:25
9251001,01,810443,Geld storten en opnemen,Unavailable,True,2025-01-10 00:44:25
9251001,02,610890,Sealbag-automaat,Unavailable,False,2025-01-10 00:44:25
9251004,01,812174,Geld storten en opnemen,Unavailable,True,2025-01-10 00:44:26
9254001,01,921086,Geldautomaat,Unavailable,False,2025-01-10 00:44:27
9254003,01,812748,Geld storten en opnemen,Unavailable,True,2025-01-10 00:44:27
9261001,01,920024,Geldautomaat,Unavailable,False,2025-01-10 00:44:28
9263001,01,920990,Geldautomaat,Unavailable,False,2025-01-10 00:44:28
9264001,01,812670,Geld storten en opnemen,Unavailable,True,2025-01-10 00:44:29
9269001,01,920761,Geldautomaat,Unavailable,False,2025-01-10 00:44:30
9271001,01,610092,Sealbag-automaat,Unavailable,False,2025-01-10 00:44:30
9271001,02,920713,Geldautomaat,Unavailable,False,2025-01-10 00:44:30
9281001,01,920670,Geldautomaat,Unavailable,False,2025-01-10 00:44:31
9285001,01,813011,Geld storten en opnemen,Unavailable,True,2025-01-10 00:44:31
9285001,02,610089,Sealbag-automaat,Unavailable,False,2025-01-10 00:44:31
9288001,01,920580,Geldautomaat,Unavailable,False,2025-01-10 00:44:32
9291001,01,610292,Sealbag-automaat,Available,False,2025-01-10 00:44:33
9291001,02,920819,Geldautomaat,Unavailable,False,2025-01-10 00:44:33
9291002,01,811334,Geld storten en opnemen,Unavailable,True,2025-01-10 00:44:33
9298001,01,920234,Geldautomaat,Unavailable,False,2025-01-10 00:44:34
9301001,01,921068,Geldautomaat,Unavailable,False,2025-01-10 00:44:34
9301004,01,811567,Geld storten en opnemen,Unavailable,True,2025-01-10 00:44:35
9301005,01,812531,Geld storten en opnemen,Unavailable,True,2025-01-10 00:44:36
9311001,01,920638,Geldautomaat,Unavailable,False,2025-01-10 00:44:36
9321001,01,920804,Geldautomaat,Unavailable,False,2025-01-10 00:44:37
9331001,01,810202,Geld storten en opnemen,Unavailable,True,2025-01-10 00:44:37
9351001,01,810794,Geld storten en opnemen,Unavailable,True,2025-01-10 00:44:38
9351001,02,610592,Sealbag-automaat,Unavailable,False,2025-01-10 00:44:38
9351002,01,811139,Geld storten en opnemen,Unavailable,True,2025-01-10 00:44:39
9351003,01,921700,Geldautomaat,Unavailable,False,2025-01-10 00:44:39
9356001,01,920998,Geldautomaat,Unavailable,False,2025-01-10 00:44:41
9363001,01,930103,Geldautomaat,Unavailable,False,2025-01-10 00:44:41
9363002,01,920298,Geldautomaat,Unavailable,False,2025-01-10 00:44:42
9401001,01,810134,Geld storten en opnemen,Unavailable,True,2025-01-10 00:44:42
9401001,02,610070,Sealbag-automaat,Unavailable,False,2025-01-10 00:44:42
9401001,03,810133,Geld storten en opnemen,Unavailable,True,2025-01-10 00:44:42
9401003,01,921184,Geldautomaat,Unavailable,False,2025-01-10 00:44:44
9401008,01,811486,Geld storten en opnemen,Unavailable,True,2025-01-10 00:44:44
9401009,01,812083,Geld storten en opnemen,Unavailable,True,2025-01-10 00:44:45
9403002,01,920796,Geldautomaat,Unavailable,False,2025-01-10 00:44:45
9404001,01,930144,Geldautomaat,Unavailable,False,2025-01-10 00:44:46
9405001,01,913969,Geldautomaat,Unavailable,False,2025-01-10 00:44:47
9406001,01,913983,Geldautomaat,Unavailable,False,2025-01-10 00:44:47
9406001,02,913982,Geldautomaat,Unavailable,False,2025-01-10 00:44:47
9407001,01,921314,Geldautomaat,Unavailable,False,2025-01-10 00:44:48
9408001,01,921634,Geldautomaat,Unavailable,False,2025-01-10 00:44:49
9408003,01,812536,Geld storten en opnemen,Unavailable,True,2025-01-10 00:44:49
9411001,01,921636,Geldautomaat,Unavailable,False,2025-01-10 00:44:50
9411002,01,811078,Geld storten en opnemen,Unavailable,True,2025-01-10 00:44:50
9411004,01,812558,Geld storten en opnemen,Unavailable,True,2025-01-10 00:44:51
9422001,01,810089,Geld storten en opnemen,Unavailable,True,2025-01-10 00:44:52
9423001,01,920125,Geldautomaat,Unavailable,False,2025-01-10 00:44:52
9431001,01,811896,Geld storten en opnemen,Unavailable,True,2025-01-10 00:44:53
9431002,01,611457,Sealbag-automaat,Unavailable,False,2025-01-10 00:44:53
9431002,02,920782,Geldautomaat,Unavailable,False,2025-01-10 00:44:53
9451002,01,811171,Geld storten en opnemen,Unavailable,True,2025-01-10 00:44:54
9451003,01,921486,Geldautomaat,Unavailable,False,2025-01-10 00:44:54
9461001,01,811122,Geld storten en opnemen,Unavailable,True,2025-01-10 00:44:55
9461002,01,920790,Geldautomaat,Unavailable,False,2025-01-10 00:44:56
9468001,01,920797,Geldautomaat,Unavailable,False,2025-01-10 00:44:56
9471003,01,811385,Geld storten en opnemen,Unavailable,True,2025-01-10 00:44:57
9471005,01,921489,Geldautomaat,Unavailable,False,2025-01-10 00:44:57
9501001,01,921054,Geldautomaat,Unavailable,False,2025-01-10 00:44:58
9501003,01,811427,Geld storten en opnemen,Unavailable,True,2025-01-10 00:44:59
9501004,01,611059,Sealbag-automaat,Unavailable,False,2025-01-10 00:44:59
9501004,02,914007,Geldautomaat,Unavailable,False,2025-01-10 00:44:59
9501007,01,811889,Geld storten en opnemen,Unavailable,True,2025-01-10 00:45:00
9514001,01,920501,Geldautomaat,Unavailable,False,2025-01-10 00:45:01
9521001,01,920581,Geldautomaat,Unavailable,False,2025-01-10 00:45:01
9531001,01,921848,Geldautomaat,Unavailable,False,2025-01-10 00:45:02
9531002,01,811406,Geld storten en opnemen,Unavailable,True,2025-01-10 00:45:02
9541001,01,920978,Geldautomaat,Unavailable,False,2025-01-10 00:45:03
9541001,02,610633,Sealbag-automaat,Unavailable,False,2025-01-10 00:45:03
9541002,01,811591,Geld storten en opnemen,Unavailable,True,2025-01-10 00:45:04
9551001,01,920673,Geldautomaat,Unavailable,False,2025-01-10 00:45:04
9561001,01,913932,Geldautomaat,Unavailable,False,2025-01-10 00:45:05
9561002,01,920678,Geldautomaat,Unavailable,False,2025-01-10 00:45:05
9561003,01,921027,Geldautomaat,Unavailable,False,2025-01-10 00:45:06
9561003,02,610933,Sealbag-automaat,Unavailable,False,2025-01-10 00:45:06
9561006,01,811370,Geld storten en opnemen,Unavailable,True,2025-01-10 00:45:07
9571002,01,813101,Geld storten en opnemen,Unavailable,True,2025-01-10 00:45:07
9581002,01,811151,Geld storten en opnemen,Unavailable,True,2025-01-10 00:45:08
9581003,01,811152,Geld storten en opnemen,Unavailable,True,2025-01-10 00:45:08
9581003,02,610638,Sealbag-automaat,Unavailable,False,2025-01-10 00:45:08
9591001,01,920498,Geldautomaat,Unavailable,False,2025-01-10 00:45:09
9601001,01,920038,Geldautomaat,Unavailable,False,2025-01-10 00:45:09
9603001,01,921055,Geldautomaat,Unavailable,False,2025-01-10 00:45:10
9603003,01,611033,Sealbag-automaat,Unavailable,False,2025-01-10 00:45:11
9603003,02,811790,Geld storten en opnemen,Unavailable,True,2025-01-10 00:45:11
9603005,01,811536,Geld storten en opnemen,Unavailable,True,2025-01-10 00:45:11
9611001,01,920539,Geldautomaat,Unavailable,False,2025-01-10 00:45:12
9611004,01,920040,Geldautomaat,Unavailable,False,2025-01-10 00:45:13
9617001,01,810007,Geld storten en opnemen,Unavailable,True,2025-01-10 00:45:13
9626001,01,813009,Geld storten en opnemen,Unavailable,True,2025-01-10 00:45:15
9628002,01,920997,Geldautomaat,Unavailable,False,2025-01-10 00:45:16
9628002,02,610181,Sealbag-automaat,Unavailable,False,2025-01-10 00:45:16
9641001,01,810263,Geld storten en opnemen,Unavailable,True,2025-01-10 00:45:17
9641001,02,610215,Sealbag-automaat,Unavailable,False,2025-01-10 00:45:17
9641001,03,810264,Geld storten en opnemen,Unavailable,True,2025-01-10 00:45:17
9641006,01,811584,Geld storten en opnemen,Unavailable,True,2025-01-10 00:45:18
9642001,01,910014,Geldautomaat,Unavailable,False,2025-01-10 00:45:18
9645001,01,921503,Geldautomaat,Unavailable,False,2025-01-10 00:45:19
9648001,01,920578,Geldautomaat,Unavailable,False,2025-01-10 00:45:19
9649001,01,910418,Geldautomaat,Unavailable,False,2025-01-10 00:45:20
9663001,01,920557,Geldautomaat,Unavailable,False,2025-01-10 00:45:21
9665001,01,811162,Geld storten en opnemen,Unavailable,True,2025-01-10 00:45:21
9665002,01,920598,Geldautomaat,Unavailable,False,2025-01-10 00:45:22
9671005,01,811599,Geld storten en opnemen,Unavailable,True,2025-01-10 00:45:23
9672001,01,921074,Geldautomaat,Unavailable,False,2025-01-10 00:45:23
9679003,01,811794,Geld storten en opnemen,Unavailable,True,2025-01-10 00:45:24
9686001,01,920592,Geldautomaat,Unavailable,False,2025-01-10 00:45:24
9695001,01,920664,Geldautomaat,Unavailable,False,2025-01-10 00:45:25
9697001,01,920593,Geldautomaat,Unavailable,False,2025-01-10 00:45:26
9711002,01,921080,Geldautomaat,Unavailable,False,2025-01-10 00:45:26
9711003,01,912114,Geldautomaat,Available,False,2025-01-10 00:45:27
9711004,01,921087,Geldautomaat,Unavailable,False,2025-01-10 00:45:28
9712001,01,810175,Geld storten en opnemen,Unavailable,True,2025-01-10 00:45:28
9712001,02,810176,Geld storten en opnemen,Available,True,2025-01-10 00:45:28
9712001,03,811837,Geld storten en opnemen,Available,True,2025-01-10 00:45:28
9712001,04,812851,Geld storten en opnemen,Unavailable,True,2025-01-10 00:45:28
9712001,05,812850,Geld storten en opnemen,Unavailable,True,2025-01-10 00:45:28
9712001,06,811836,Geld storten en opnemen,Available,True,2025-01-10 00:45:28
9712001,07,610116,Sealbag-automaat,Unavailable,False,2025-01-10 00:45:28
9712002,01,921701,Geldautomaat,Unavailable,False,2025-01-10 00:45:29
9712004,01,921612,Geldautomaat,Unavailable,False,2025-01-10 00:45:29
9712005,01,913843,Geldautomaat,Unavailable,False,2025-01-10 00:45:30
9712005,02,913842,Geldautomaat,Unavailable,False,2025-01-10 00:45:30
9712005,03,913841,Geldautomaat,Unavailable,False,2025-01-10 00:45:30
9712006,01,930092,Geldautomaat,Unavailable,False,2025-01-10 00:45:30
9712010,01,811519,Geld storten en opnemen,Unavailable,True,2025-01-10 00:45:31
9713001,01,812421,Geld storten en opnemen,Unavailable,True,2025-01-10 00:45:32
9714001,01,914669,Geldautomaat,Unavailable,False,2025-01-10 00:45:32
9714003,01,813001,Geld storten en opnemen,Unavailable,True,2025-01-10 00:45:33
9715001,01,921070,Geldautomaat,Unavailable,False,2025-01-10 00:45:33
9718001,01,921073,Geldautomaat,Unavailable,False,2025-01-10 00:45:34
9721001,01,921852,Geldautomaat,Unavailable,False,2025-01-10 00:45:35
9721002,01,921078,Geldautomaat,Unavailable,False,2025-01-10 00:45:35
9724001,01,810720,Geld storten en opnemen,Unavailable,True,2025-01-10 00:45:37
9728001,01,920042,Geldautomaat,Unavailable,False,2025-01-10 00:45:37
9728002,01,921880,Geldautomaat,Unavailable,False,2025-01-10 00:45:38
9728003,01,811635,Geld storten en opnemen,Unavailable,True,2025-01-10 00:45:38
9728007,01,920398,Geldautomaat,Unavailable,False,2025-01-10 00:45:39
9731001,01,921510,Geldautomaat,Unavailable,False,2025-01-10 00:45:40
9731002,01,921511,Geldautomaat,Unavailable,False,2025-01-10 00:45:40
9733001,01,811267,Geld storten en opnemen,Unavailable,True,2025-01-10 00:45:41
9733003,01,930008,Geldautomaat,Unavailable,False,2025-01-10 00:45:41
9737002,01,811797,Geld storten en opnemen,Unavailable,True,2025-01-10 00:45:42
9741001,01,920407,Geldautomaat,Unavailable,False,2025-01-10 00:45:43
9741002,01,921211,Geldautomaat,Unavailable,False,2025-01-10 00:45:43
9742001,01,921109,Geldautomaat,Unavailable,False,2025-01-10 00:45:44
9742003,01,611129,Sealbag-automaat,Unavailable,False,2025-01-10 00:45:44
9742003,02,811948,Geld storten en opnemen,Unavailable,True,2025-01-10 00:45:44
9742005,01,811245,Geld storten en opnemen,Unavailable,True,2025-01-10 00:45:45
9743001,01,920821,Geldautomaat,Unavailable,False,2025-01-10 00:45:46
9743002,01,921128,Geldautomaat,Unavailable,False,2025-01-10 00:45:47
9745001,01,921136,Geldautomaat,Unavailable,False,2025-01-10 00:45:47
9751001,01,921090,Geldautomaat,Unavailable,False,2025-01-10 00:45:48
9751002,01,812095,Geld storten en opnemen,Unavailable,True,2025-01-10 00:45:48
9751002,02,611289,Sealbag-automaat,Unavailable,False,2025-01-10 00:45:48
9751003,01,811522,Geld storten en opnemen,Unavailable,True,2025-01-10 00:45:49
9761001,01,920044,Geldautomaat,Unavailable,False,2025-01-10 00:45:50
9765001,01,810005,Geld storten en opnemen,Unavailable,True,2025-01-10 00:45:50
9765002,01,921338,Geldautomaat,Unavailable,False,2025-01-10 00:45:51
9765003,01,911353,Geldautomaat,Unavailable,False,2025-01-10 00:45:51
9781001,01,810764,Geld storten en opnemen,Unavailable,True,2025-01-10 00:45:52
9781001,02,610575,Sealbag-automaat,Unavailable,False,2025-01-10 00:45:52
9781002,01,811075,Geld storten en opnemen,Unavailable,True,2025-01-10 00:45:53
9791001,01,920575,Geldautomaat,Unavailable,False,2025-01-10 00:45:53
9801001,01,921053,Geldautomaat,Unavailable,False,2025-01-10 00:45:54
9801006,01,811813,Geld storten en opnemen,Unavailable,True,2025-01-10 00:45:54
9822001,01,812380,Geld storten en opnemen,Unavailable,True,2025-01-10 00:45:55
9831001,01,922008,Geldautomaat,Unavailable,False,2025-01-10 00:45:56
9843003,01,813100,Geld storten en opnemen,Unavailable,True,2025-01-10 00:45:56
9861001,01,920918,Geldautomaat,Unavailable,False,2025-01-10 00:45:57
9861003,01,812525,Geld storten en opnemen,Unavailable,True,2025-01-10 00:45:57
9865001,01,920029,Geldautomaat,Unavailable,False,2025-01-10 00:45:58
9883001,01,921034,Geldautomaat,Unavailable,False,2025-01-10 00:45:59
9901001,01,920414,Geldautomaat,Unavailable,False,2025-01-10 00:45:59
9901004,01,812656,Geld storten en opnemen,Unavailable,True,2025-01-10 00:46:00
9902002,01,921123,Geldautomaat,Unavailable,False,2025-01-10 00:46:00
9919001,01,921056,Geldautomaat,Unavailable,False,2025-01-10 00:46:01
9933001,01,920891,Geldautomaat,Unavailable,False,2025-01-10 00:46:02
9934001,01,920590,Geldautomaat,Unavailable,False,2025-01-10 00:46:03
9934002,01,921127,Geldautomaat,Unavailable,False,2025-01-10 00:46:03
9934007,01,811502,Geld storten en opnemen,Unavailable,True,2025-01-10 00:46:04
9934010,01,611472,Sealbag-automaat,Unavailable,False,2025-01-10 00:46:04
9934010,02,813007,Geld storten en opnemen,Unavailable,True,2025-01-10 00:46:04
9951001,01,610231,Sealbag-automaat,Unavailable,False,2025-01-10 00:46:05
9951001,02,810276,Geld storten en opnemen,Unavailable,False,2025-01-10 00:46:05
9951002,01,921519,Geldautomaat,Unavailable,False,2025-01-10 00:46:06
9965001,01,920637,Geldautomaat,Unavailable,False,2025-01-10 00:46:06
9965001,02,610105,Sealbag-automaat,Unavailable,False,2025-01-10 00:46:06
9967001,01,920822,Geldautomaat,Unavailable,False,2025-01-10 00:46:07
9974001,01,920098,Geldautomaat,Unavailable,False,2025-01-10 00:46:07
9981003,01,610011,Sealbag-automaat,Unavailable,False,2025-01-10 00:46:08
9981003,02,920801,Geldautomaat,Unavailable,False,2025-01-10 00:46:08
9981006,01,811713,Geld storten en opnemen,Unavailable,True,2025-01-10 00:46:09
9982001,01,920904,Geldautomaat,Unavailable,False,2025-01-10 00:46:10
9989001,01,920660,Geldautomaat,Unavailable,False,2025-01-10 00:46:10
9991001,01,920723,Geldautomaat,Unavailable,False,2025-01-10 00:46:11
2545005,01,811625,Geld storten en opnemen,Unavailable,True,2025-01-10 00:46:16
3881005,01,813060,Geld storten en opnemen,Unavailable,True,2025-01-10 00:46:19
3881005,02,611485,Sealbag-automaat,Unavailable,False,2025-01-10 00:46:19
9033001,01,920086,Geldautomaat,Unavailable,False,2025-01-10 00:46:28
1025006,01,930042,Geldautomaat,Unavailable,False,2025-01-10 00:46:29
1025006,02,611501,Sealbag-automaat,Unavailable,False,2025-01-10 00:46:29
1025006,03,813121,Geld storten en opnemen,Unavailable,True,2025-01-10 00:46:29
1025007,01,813126,Geld storten en opnemen,Unavailable,True,2025-01-10 00:46:30
1025007,02,813125,Geld storten en opnemen,Unavailable,True,2025-01-10 00:46:30
1025007,03,813124,Geld storten en opnemen,Unavailable,True,2025-01-10 00:46:30
1025007,04,813122,Geld storten en opnemen,Unavailable,True,2025-01-10 00:46:30
1025007,05,813123,Geld storten en opnemen,Unavailable,True,2025-01-10 00:46:30
1095002,01,813163,Geld storten en opnemen,Unavailable,True,2025-01-10 00:46:31
1191004,01,813150,Geld storten en opnemen,Unavailable,True,2025-01-10 00:46:31
1315016,01,811480,Geld storten en opnemen,Unavailable,True,2025-01-10 00:46:32
1688003,01,921474,Geldautomaat,Unavailable,False,2025-01-10 00:46:33
1813003,01,813146,Geld storten en opnemen,Unavailable,True,2025-01-10 00:46:34
1974002,01,813199,Geld storten en opnemen,Unavailable,True,2025-01-10 00:46:34
2082002,01,813158,Geld storten en opnemen,Unavailable,True,2025-01-10 00:46:35
2202004,01,611491,Sealbag-automaat,Unavailable,False,2025-01-10 00:46:35
2202004,02,813084,Geld storten en opnemen,Unavailable,True,2025-01-10 00:46:35
2253002,01,813190,Geld storten en opnemen,Unavailable,True,2025-01-10 00:46:36
2545006,01,813114,Geld storten en opnemen,Unavailable,True,2025-01-10 00:46:36
2661005,01,813194,Geld storten en opnemen,Unavailable,True,2025-01-10 00:46:37
3078008,01,813206,Geld storten en opnemen,Unavailable,True,2025-01-10 00:46:38
3131011,01,914884,Geldautomaat,Unavailable,False,2025-01-10 00:46:38
3131011,02,611480,Sealbag-automaat,Unavailable,False,2025-01-10 00:46:38
3131011,03,813041,Geld storten en opnemen,Unavailable,True,2025-01-10 00:46:38
3131012,01,813044,Geld storten en opnemen,Unavailable,True,2025-01-10 00:46:39
3131012,02,813187,Geld storten en opnemen,Unavailable,True,2025-01-10 00:46:39
3131012,03,813188,Geld storten en opnemen,Unavailable,True,2025-01-10 00:46:39
3131012,04,813042,Geld storten en opnemen,Unavailable,True,2025-01-10 00:46:39
3131012,05,813043,Geld storten en opnemen,Unavailable,False,2025-01-10 00:46:39
3218003,01,921323,Geldautomaat,Unavailable,False,2025-01-10 00:46:39
3311010,01,611502,Sealbag-automaat,Unavailable,False,2025-01-10 00:46:40
3311010,02,813127,Geld storten en opnemen,Unavailable,True,2025-01-10 00:46:40
3311010,03,930043,Geldautomaat,Unavailable,False,2025-01-10 00:46:40
3311011,01,813128,Geld storten en opnemen,Unavailable,True,2025-01-10 00:46:41
3311011,02,813131,Geld storten en opnemen,Unavailable,True,2025-01-10 00:46:41
3311011,03,813129,Geld storten en opnemen,Unavailable,False,2025-01-10 00:46:41
3311011,04,813130,Geld storten en opnemen,Unavailable,True,2025-01-10 00:46:41
3311011,05,813132,Geld storten en opnemen,Unavailable,True,2025-01-10 00:46:41
3555001,01,813145,Geld storten en opnemen,Unavailable,True,2025-01-10 00:46:41
3582001,01,813162,Geld storten en opnemen,Unavailable,True,2025-01-10 00:46:42
3781005,01,930058,Geldautomaat,Unavailable,False,2025-01-10 00:46:42
3781005,02,611504,Sealbag-automaat,Unavailable,False,2025-01-10 00:46:42
4587003,01,813159,Geld storten en opnemen,Unavailable,True,2025-01-10 00:46:43
4696002,01,813164,Geld storten en opnemen,Unavailable,True,2025-01-10 00:46:44
4726002,01,813197,Geld storten en opnemen,Unavailable,True,2025-01-10 00:46:44
4826005,01,813186,Geld storten en opnemen,Unavailable,True,2025-01-10 00:46:45
4884001,01,813143,Geld storten en opnemen,Unavailable,True,2025-01-10 00:46:45
5032003,01,813179,Geld storten en opnemen,Unavailable,True,2025-01-10 00:46:46
5042005,01,813178,Geld storten en opnemen,Unavailable,True,2025-01-10 00:46:47
5151005,01,813016,Geld storten en opnemen,Unavailable,True,2025-01-10 00:46:47
5151006,01,923006,Geldautomaat,Unavailable,False,2025-01-10 00:46:48
5251005,01,921956,Geldautomaat,Unavailable,False,2025-01-10 00:46:48
5261008,01,813201,Geld storten en opnemen,Unavailable,True,2025-01-10 00:46:49
5261009,01,921726,Geldautomaat,Unavailable,False,2025-01-10 00:46:50
5341010,01,813013,Geld storten en opnemen,Unavailable,True,2025-01-10 00:46:50
5431007,01,921958,Geldautomaat,Unavailable,False,2025-01-10 00:46:51
5446002,01,930053,Geldautomaat,Unavailable,False,2025-01-10 00:46:51
5463001,01,930067,Geldautomaat,Unavailable,False,2025-01-10 00:46:52
5541003,01,930040,Geldautomaat,Unavailable,False,2025-01-10 00:46:53
5627004,01,930024,Geldautomaat,Unavailable,False,2025-01-10 00:46:53
5671005,01,921161,Geldautomaat,Unavailable,False,2025-01-10 00:46:54
5706002,01,921196,Geldautomaat,Unavailable,False,2025-01-10 00:46:54
5711006,01,921199,Geldautomaat,Unavailable,False,2025-01-10 00:46:55
5741004,01,921237,Geldautomaat,Unavailable,False,2025-01-10 00:46:56
5751009,01,921438,Geldautomaat,Unavailable,False,2025-01-10 00:46:56
5757002,01,921419,Geldautomaat,Unavailable,False,2025-01-10 00:46:57
5845002,01,930028,Geldautomaat,Unavailable,False,2025-01-10 00:46:58
5861003,01,921348,Geldautomaat,Unavailable,False,2025-01-10 00:46:58
5864002,01,921349,Geldautomaat,Unavailable,False,2025-01-10 00:46:59
5941002,01,930039,Geldautomaat,Unavailable,False,2025-01-10 00:47:00
5953005,01,930068,Geldautomaat,Unavailable,False,2025-01-10 00:47:01
5971002,01,930064,Geldautomaat,Unavailable,False,2025-01-10 00:47:01
5975003,01,930021,Geldautomaat,Unavailable,False,2025-01-10 00:47:02
5981007,01,930031,Geldautomaat,Unavailable,False,2025-01-10 00:47:02
6014001,01,930030,Geldautomaat,Unavailable,False,2025-01-10 00:47:03
6049002,01,921241,Geldautomaat,Unavailable,False,2025-01-10 00:47:04
6074002,01,921243,Geldautomaat,Unavailable,False,2025-01-10 00:47:04
6075003,01,921256,Geldautomaat,Unavailable,False,2025-01-10 00:47:05
6081002,01,930066,Geldautomaat,Unavailable,False,2025-01-10 00:47:05
6102002,01,930020,Geldautomaat,Unavailable,False,2025-01-10 00:47:06
6161006,01,921240,Geldautomaat,Unavailable,False,2025-01-10 00:47:07
6171005,01,930015,Geldautomaat,Unavailable,False,2025-01-10 00:47:07
6213001,01,921202,Geldautomaat,Unavailable,False,2025-01-10 00:47:08
6222001,01,921204,Geldautomaat,Unavailable,False,2025-01-10 00:47:08
6228001,01,921205,Geldautomaat,Unavailable,False,2025-01-10 00:47:09
6412001,01,921162,Geldautomaat,Unavailable,False,2025-01-10 00:47:10
6436001,01,921164,Geldautomaat,Unavailable,False,2025-01-10 00:47:10
6441005,01,921169,Geldautomaat,Unavailable,False,2025-01-10 00:47:11
6461006,01,813196,Geld storten en opnemen,Unavailable,True,2025-01-10 00:47:11
6562002,01,921232,Geldautomaat,Unavailable,False,2025-01-10 00:47:12
6644001,01,930056,Geldautomaat,Unavailable,False,2025-01-10 00:47:13
6663002,01,921441,Geldautomaat,Unavailable,False,2025-01-10 00:47:13
6931005,01,813211,Geld storten en opnemen,Unavailable,True,2025-01-10 00:47:14
7041004,01,813147,Geld storten en opnemen,Unavailable,True,2025-01-10 00:47:15
7041004,02,611507,Sealbag-automaat,Unavailable,False,2025-01-10 00:47:15
7101006,01,813192,Geld storten en opnemen,Unavailable,True,2025-01-10 00:47:15
7481010,01,611506,Sealbag-automaat,Unavailable,False,2025-01-10 00:47:16
7481010,02,813141,Geld storten en opnemen,Unavailable,True,2025-01-10 00:47:16
7571007,01,813189,Geld storten en opnemen,Unavailable,True,2025-01-10 00:47:16
7571007,02,611513,Sealbag-automaat,Unavailable,False,2025-01-10 00:47:16
7921003,01,813157,Geld storten en opnemen,Unavailable,True,2025-01-10 00:47:17
8012003,01,813144,Geld storten en opnemen,Unavailable,True,2025-01-10 00:47:18
8911011,01,813115,Geld storten en opnemen,Unavailable,True,2025-01-10 00:47:18
8911011,02,611500,Sealbag-automaat,Unavailable,False,2025-01-10 00:47:18
8911011,03,930041,Geldautomaat,Unavailable,False,2025-01-10 00:47:18
8911012,01,813120,Geld storten en opnemen,Unavailable,True,2025-01-10 00:47:19
8911012,02,813119,Geld storten en opnemen,Unavailable,True,2025-01-10 00:47:19
8911012,03,813118,Geld storten en opnemen,Unavailable,True,2025-01-10 00:47:19
8911012,04,813116,Geld storten en opnemen,Unavailable,False,2025-01-10 00:47:19
8911012,05,813117,Geld storten en opnemen,Unavailable,True,2025-01-10 00:47:19
